0.2	-0.9534422	-0.424923	0	1
0.2	-0.9490622	-0.424923	0	1
0.2	-0.9446822	-0.424923	-0.2884615	1.537086
0.2	-0.9403022	-0.424923	2.782051	2.667948
0.2	-0.9359222	-0.424923	4.801282	3.191183
0.2	-0.9315422	-0.424923	6.108974	3.471634
0.2	-0.9271622	-0.424923	5.634615	3.373734
0.2	-0.9227821	-0.424923	4.339744	3.083205
0.2	-0.9184021	-0.424923	4.653846	3.157278
0.2	-0.914022	-0.424923	-1.871795	2.368135
0.2	-0.909642	-0.424923	2.307692	2.519109
0.2	-0.9052619	-0.424923	2.596154	2.611259
0.2	-0.9008818	-0.424923	5.480769	3.341104
0.2	-0.8965018	-0.424923	4.00641	3.001602
0.2	-0.8921217	-0.424923	4.5	3.12132
0.2	-0.8877416	-0.424923	7.038462	3.65301
0.2	-0.8833615	-0.424923	9.102564	4.017045
0.2	-0.8789814	-0.424923	3.532051	2.879375
0.2	-0.8746012	-0.424923	4.557693	3.134875
0.2	-0.8702211	-0.424923	2.121795	2.456638
0.2	-0.865841	-0.424923	6.038462	3.457328
0.2	-0.8614609	-0.424923	7	3.645751
0.2	-0.8570807	-0.424923	8.185898	3.861101
0.2	-0.8527005	-0.424923	7.115385	3.667468
0.2	-0.8483204	-0.424923	3.391026	2.841474
0.2	-0.8439402	-0.424923	-36.60897	7.050535
0.2	-0.83956	-0.424923	-7.455128	3.730408
0.2	-0.8351799	-0.424923	6.807693	3.609155
0.2	-0.8307996	-0.424923	6.916667	3.629956
0.2	-0.8264194	-0.424923	6.416667	3.533114
0.2	-0.8220392	-0.424923	4.724359	3.173559
0.2	-0.817659	-0.424923	6.544872	3.558295
0.2	-0.8132788	-0.424923	8.294871	3.880082
0.2	-0.8088986	-0.424923	5.75	3.397916
0.2	-0.8045183	-0.424923	3.942308	2.985525
0.2	-0.8001381	-0.424923	7.634615	3.763081
0.2	-0.7957578	-0.424923	6.076923	3.465142
0.2	-0.7913775	-0.424923	7.74359	3.782731
0.2	-0.7869973	-0.424923	7.74359	3.782731
0.2	-0.782617	-0.424923	4.480769	3.116783
0.2	-0.7782367	-0.424923	3.794872	2.948043
0.2	-0.7738565	-0.424923	3.73718	2.933179
0.2	-0.7694762	-0.424923	4.980769	3.231764
0.2	-0.7650958	-0.424923	7.179487	3.679456
0.2	-0.7607155	-0.424923	6.717949	3.591901
0.2	-0.7563353	-0.424923	7.288462	3.699715
0.2	-0.7519549	-0.424923	7.102564	3.665064
0.2	-0.7475746	-0.424923	5.262821	3.294084
0.2	-0.7431943	-0.424923	5.762821	3.400588
0.2	-0.7388139	-0.424923	9.743589	4.121472
0.2	-0.7344336	-0.424923	10.19872	4.193543
0.2	-0.7300532	-0.424923	7.826923	3.797664
0.2	-0.7256728	-0.424923	6.083333	3.466441
0.2	-0.7212925	-0.424923	6.064103	3.46254
0.2	-0.7169122	-0.424923	6.589744	3.56705
0.2	-0.7125317	-0.424923	6.711538	3.590664
0.2	-0.7081513	-0.424923	6.461538	3.541956
0.2	-0.703771	-0.424923	6.025641	3.454718
0.2	-0.6993906	-0.424923	5.141026	3.267383
0.2	-0.6950102	-0.424923	6.583333	3.565801
0.2	-0.6906298	-0.424923	3.076923	2.754116
0.2	-0.6862494	-0.424923	2.73718	2.654442
0.2	-0.681869	-0.424923	1.948718	2.395965
0.2	-0.6774885	-0.424923	5.153846	3.270208
0.2	-0.6731081	-0.424923	3.782051	2.94475
0.2	-0.6687276	-0.424923	3.705128	2.924871
0.2	-0.6643472	-0.424923	8.743589	3.956956
0.2	-0.6599668	-0.424923	7.717949	3.77812
0.2	-0.6555863	-0.424923	8.884615	3.980707
0.2	-0.6512059	-0.424923	6.538462	3.557042
0.2	-0.6468254	-0.424923	8.442307	3.905565
0.2	-0.642445	-0.424923	7.025641	3.650593
0.2	-0.6380644	-0.424923	4.557693	3.134875
0.2	-0.633684	-0.424923	3.185897	2.784908
0.2	-0.6293035	-0.424923	3.032051	2.741279
0.2	-0.6249231	-0.424923	6.801282	3.607927
0.2	-0.6205425	-0.424923	10.32051	4.212555
0.2	-0.6161621	-0.424923	8.820513	3.969935
0.2	-0.6117815	-0.424923	10.35897	4.218536
0.2	-0.607401	-0.424923	11.44872	4.383595
0.2	-0.6030205	-0.424923	5.179487	3.275849
0.2	-0.59864	-0.424923	5.282051	3.298271
0.2	-0.5942595	-0.424923	8.307693	3.882307
0.2	-0.589879	-0.424923	8.698718	3.949359
0.2	-0.5854985	-0.424923	7.839744	3.799954
0.2	-0.5811179	-0.424923	4.974359	3.230327
0.2	-0.5767373	-0.424923	5.987179	3.446871
0.2	-0.5723568	-0.424923	2.935897	2.713446
0.2	-0.5679763	-0.424923	4.891026	3.211566
0.2	-0.5635957	-0.424923	5.044872	3.246079
0.2	-0.5592152	-0.424923	6.025641	3.454718
0.2	-0.5548346	-0.424923	7.173077	3.67826
0.2	-0.550454	-0.424923	6.711538	3.590664
0.2	-0.5460735	-0.424923	7.666667	3.768875
0.2	-0.5416929	-0.424923	7.224359	3.687817
0.2	-0.5373123	-0.424923	4.24359	3.059998
0.2	-0.5329317	-0.424923	5.948718	3.438999
0.2	-0.5285512	-0.424923	7.602564	3.757275
0.2	-0.5241706	-0.424923	6.544872	3.558295
0.2	-0.51979	-0.424923	3.692308	2.921538
0.2	-0.5154094	-0.424923	6.224359	3.494867
0.2	-0.5110288	-0.424923	8.724359	3.953703
0.2	-0.5066482	-0.424923	8.73718	3.955872
0.2	-0.5022676	-0.424923	6.461538	3.541956
0.2	-0.497887	-0.424923	6.384615	3.52678
0.2	-0.4935063	-0.424923	7.326923	3.706829
0.2	-0.4891257	-0.424923	8.442307	3.905565
0.2	-0.4847451	-0.424923	8.589744	3.930826
0.2	-0.4803645	-0.424923	6.551282	3.559547
0.2	-0.4759839	-0.424923	9.01282	4.002136
0.2	-0.4716032	-0.424923	9.493589	4.081167
0.2	-0.4672226	-0.424923	8.730769	3.954787
0.2	-0.462842	-0.424923	4.551282	3.133373
0.2	-0.4584613	-0.424923	5.858974	3.420532
0.2	-0.4540807	-0.424923	7.134615	3.67107
0.2	-0.4497	-0.424923	12.24359	4.499084
0.2	-0.4453194	-0.424923	5.833333	3.41523
0.2	-0.4409387	-0.424923	7.685897	3.772345
0.2	-0.4365581	-0.424923	7	3.645751
0.2	-0.4321774	-0.424923	6.044872	3.458632
0.2	-0.4277968	-0.424923	8.256411	3.873397
0.2	-0.4234161	-0.424923	8.782051	3.963453
0.2	-0.4190354	-0.424923	8.429487	3.903358
0.2	-0.4146548	-0.424923	8.205129	3.86446
0.2	-0.4102741	-0.424923	5.897436	3.428464
0.2	-0.4058934	-0.424923	7.679487	3.771189
0.2	-0.4015127	-0.424923	11.08333	4.329164
0.2	-0.3971321	-0.424923	11.17308	4.342615
0.2	-0.3927514	-0.424923	9.461538	4.075962
0.2	-0.3883707	-0.424923	10.05769	4.171387
0.2	-0.38399	-0.424923	7.589744	3.754949
0.2	-0.3796093	-0.424923	9.807693	4.131723
0.2	-0.3752286	-0.424923	11.03205	4.321453
0.2	-0.370848	-0.424923	9.173077	4.028709
0.2	-0.3664673	-0.424923	9.211538	4.035052
0.2	-0.3620866	-0.424923	9.782051	4.127627
0.2	-0.3577059	-0.424923	9.801282	4.1307
0.2	-0.3533252	-0.424923	7.25641	3.693773
0.2	-0.3489445	-0.424923	8.73718	3.955872
0.2	-0.3445638	-0.424923	7.935897	3.817072
0.2	-0.3401831	-0.424923	6.192307	3.488435
0.2	-0.3358024	-0.424923	9.416667	4.068659
0.2	-0.3314217	-0.424923	7.480769	3.7351
0.2	-0.327041	-0.424923	9.551282	4.090515
0.2	-0.3226603	-0.424923	11.74359	4.426892
0.2	-0.3182795	-0.424923	10.0641	4.172397
0.2	-0.3138988	-0.424923	7.307693	3.703274
0.2	-0.3095181	-0.424923	7.871795	3.805672
0.2	-0.3051374	-0.424923	9.25	4.041381
0.2	-0.3007567	-0.424923	7.448718	3.729234
0.2	-0.296376	-0.424923	13.6859	4.699446
0.2	-0.2919953	-0.424923	9.653846	4.107064
0.2	-0.2876145	-0.424923	9.397436	4.065524
0.2	-0.2832338	-0.424923	6.371795	3.524241
0.2	-0.2788531	-0.424923	8.673077	3.945009
0.2	-0.2744724	-0.424923	7.230769	3.689009
0.2	-0.2700917	-0.424923	8.269231	3.875627
0.2	-0.2657109	-0.424923	9.115385	4.019169
0.2	-0.2613302	-0.424923	8.621795	3.936289
0.2	-0.2569495	-0.424923	11.51923	4.393999
0.2	-0.2525688	-0.424923	11.55128	4.398718
0.2	-0.248188	-0.424923	12.60256	4.550009
0.2	-0.2438073	-0.424923	15.73718	4.967011
0.2	-0.2394266	-0.424923	11.01923	4.319523
0.2	-0.2350458	-0.424923	12.19231	4.491748
0.2	-0.2306651	-0.424923	15.67949	4.959733
0.2	-0.2262844	-0.424923	13.08333	4.617089
0.2	-0.2219037	-0.424923	11.14744	4.338778
0.2	-0.2175229	-0.424923	10.22436	4.197555
0.2	-0.2131422	-0.424923	12.19872	4.492666
0.2	-0.2087615	-0.424923	12.82692	4.58147
0.2	-0.2043807	-0.424923	11.27564	4.357922
0.2	-0.2	-0.424923	10.29487	4.208562
0.2	-0.1956193	-0.424923	12.5	4.535534
0.2	-0.1912385	-0.424923	10.65385	4.264023
0.2	-0.1868578	-0.424923	16.91667	5.112988
0.2	-0.1824771	-0.424923	19.84615	5.454902
0.2	-0.1780964	-0.424923	21.22436	5.60699
0.2	-0.1737156	-0.424923	25.58974	6.05863
0.2	-0.1693349	-0.424923	34.64743	6.886207
0.2	-0.1649542	-0.424923	38.17308	7.178436
0.2	-0.1605734	-0.424923	39.50641	7.285412
0.2	-0.1561927	-0.424923	37.07051	7.088556
0.2	-0.151812	-0.424923	38.50641	7.205353
0.2	-0.1474313	-0.424923	43.02564	7.559393
0.2	-0.1430505	-0.424923	39.55128	7.288981
0.2	-0.1386698	-0.424923	40.41026	7.356906
0.2	-0.1342891	-0.424923	41.46795	7.439561
0.2	-0.1299084	-0.424923	37.39743	7.115345
0.2	-0.1255276	-0.424923	41.5	7.44205
0.2	-0.1211469	-0.424923	47.23718	7.872931
0.2	-0.1167662	-0.424923	43.69872	7.610501
0.2	-0.1123855	-0.424923	48.42949	7.95913
0.2	-0.1080047	-0.424923	49.48718	8.034713
0.2	-0.103624	-0.424923	51.88462	8.203097
0.2	-0.09924331	-0.424923	54.16026	8.359365
0.2	-0.0948626	-0.424923	51.85257	8.200872
0.2	-0.09048188	-0.424923	49.6859	8.048822
0.2	-0.08610117	-0.424923	51.32692	8.164281
0.2	-0.08172046	-0.424923	59.10897	8.688236
0.2	-0.07733975	-0.424923	56.65385	8.526875
0.2	-0.07295904	-0.424923	54.38462	8.374593
0.2	-0.06857833	-0.424923	64.54487	9.033982
0.2	-0.06419762	-0.424923	58.03205	8.617877
0.2	-0.05981692	-0.424923	62.78846	8.923917
0.2	-0.05543621	-0.424923	60.5641	8.782294
0.2	-0.05105551	-0.424923	64.25	9.01561
0.2	-0.04667481	-0.424923	68.75641	9.291948
0.2	-0.04229411	-0.424923	70.6218	9.403677
0.2	-0.03791342	-0.424923	74.89103	9.65396
0.2	-0.03353272	-0.424923	81.51923	10.0288
0.2	-0.02915203	-0.424923	86.73718	10.31328
0.2	-0.02477134	-0.424923	90.91026	10.53469
0.2	-0.02039065	-0.424923	94.40385	10.71616
0.2	-0.01600997	-0.424923	95.98718	10.79731
0.2	-0.01162929	-0.424923	106.891	11.33881
0.2	-0.007248603	-0.424923	123.6987	12.12199
0.2	-0.002867924	-0.424923	124.3269	12.1502
0.2	0.001512753	-0.424923	134.5128	12.59797
0.2	0.005893428	-0.424923	149.2051	13.21496
0.2	0.0102741	-0.424923	168.7372	13.98989
0.2	0.01465477	-0.424923	189.9167	14.78103
0.2	0.01903544	-0.424923	217.8846	15.76091
0.2	0.0234161	-0.424923	256.8846	17.02762
0.2	0.02779676	-0.424923	311.1346	18.63901
0.2	0.03217742	-0.424923	396.141	20.90329
0.2	0.03655808	-0.424923	521.9615	23.84648
0.2	0.04093874	-0.424923	692.8013	27.32112
0.2	0.04531939	-0.424923	915.5577	31.25818
0.2	0.04970003	-0.424923	1169.212	35.19374
0.2	0.05408068	-0.424923	1480.071	39.47168
0.2	0.05846132	-0.424923	1802.712	43.45835
0.2	0.06284196	-0.424923	2222.314	48.14143
0.2	0.0672226	-0.424923	2681.256	52.78085
0.2	0.07160323	-0.424923	3181.032	57.40064
0.2	0.07598386	-0.424923	3735.442	62.11826
0.2	0.08036449	-0.424923	4312.404	66.66889
0.2	0.08474511	-0.424923	4941.705	71.29726
0.2	0.08912573	-0.424923	5605.09	75.86715
0.2	0.09350635	-0.424923	6316.545	80.47669
0.2	0.09788696	-0.424923	7117.654	85.36619
0.2	0.1022676	-0.424923	8033.878	90.6319
0.2	0.1066482	-0.424923	8874.66	95.20541
0.2	0.1110288	-0.424923	9775.743	99.87236
0.2	0.1154094	-0.424923	10797.94	104.9131
0.2	0.11979	-0.424923	12006.57	110.5745
0.2	0.1241706	-0.424923	13046.6	115.2217
0.2	0.1285512	-0.424923	14254.34	120.3915
0.2	0.1329317	-0.424923	15525.22	125.6002
0.2	0.1373123	-0.424923	16821.06	130.696
0.2	0.1416929	-0.424923	18286.17	136.2263
0.2	0.1460735	-0.424923	19836.07	141.8406
0.2	0.150454	-0.424923	21336.95	147.0717
0.2	0.1548346	-0.424923	22783.49	151.942
0.2	0.1592152	-0.424923	24495.04	157.5089
0.2	0.1635957	-0.424923	26518.47	163.8449
0.2	0.1679763	-0.424923	28381.51	169.4681
0.2	0.1723568	-0.424923	30150.37	174.6386
0.2	0.1767374	-0.424923	32073.92	180.0919
0.2	0.1811179	-0.424923	34129.53	185.7418
0.2	0.1854984	-0.424923	36660.35	192.4689
0.2	0.189879	-0.424923	38772.51	197.9073
0.2	0.1942595	-0.424923	41240.53	204.0777
0.2	0.19864	-0.424923	43641.74	209.9061
0.2	0.2030205	-0.424923	46447.33	216.5164
0.2	0.207401	-0.424923	49413.93	223.2924
0.2	0.2117815	-0.424923	51946.92	228.9187
0.2	0.216162	-0.424923	55156.51	235.8542
0.2	0.2205425	-0.424923	57923.99	241.674
0.2	0.224923	-0.424923	65516.85	256.9626
0.2	0.2293035	-0.424923	65517.74	256.9644
0.2	0.233684	-0.424923	65515.62	256.9602
0.2	0.2380645	-0.424923	65514.63	256.9583
0.2	0.2424449	-0.424923	65516.14	256.9612
0.2	0.2468254	-0.424923	65514.28	256.9576
0.2	0.2512059	-0.424923	65513.1	256.9553
0.2	0.2555863	-0.424923	65514.87	256.9587
0.2	0.2599668	-0.424923	65515.39	256.9597
0.2	0.2643472	-0.424923	58816.33	243.5208
0.2	0.2687277	-0.424923	56701.39	239.1205
0.2	0.2731081	-0.424923	54867.01	235.2371
0.2	0.2774885	-0.424923	53430.08	232.1495
0.2	0.2818689	-0.424923	51936.21	228.8952
0.2	0.2862494	-0.424923	50332.29	225.3486
0.2	0.2906298	-0.424923	49157.87	222.7157
0.2	0.2950102	-0.424923	48081.21	220.2743
0.2	0.2993906	-0.424923	47181.75	218.2136
0.2	0.303771	-0.424923	46386.88	216.3761
0.2	0.3081514	-0.424923	45391.13	214.0519
0.2	0.3125317	-0.424923	44839.85	212.7542
0.2	0.3169121	-0.424923	43833.55	210.3646
0.2	0.3212925	-0.424923	43075.63	208.5467
0.2	0.3256729	-0.424923	42239.63	206.5228
0.2	0.3300532	-0.424923	41581.71	204.9159
0.2	0.3344336	-0.424923	41144.35	203.8407
0.2	0.3388139	-0.424923	40601.65	202.4985
0.2	0.3431942	-0.424923	39871.94	200.6796
0.2	0.3475746	-0.424923	39410.68	199.5212
0.2	0.3519549	-0.424923	39102.1	198.7425
0.2	0.3563352	-0.424923	38736.56	197.8161
0.2	0.3607155	-0.424923	38247.19	196.5689
0.2	0.3650959	-0.424923	37750.96	195.2961
0.2	0.3694762	-0.424923	37324.13	194.1945
0.2	0.3738565	-0.424923	36901.84	193.0985
0.2	0.3782367	-0.424923	36577.17	192.2516
0.2	0.382617	-0.424923	35896.34	190.4633
0.2	0.3869973	-0.424923	35606.99	189.6982
0.2	0.3913776	-0.424923	35468.1	189.3298
0.2	0.3957578	-0.424923	35019.43	188.1348
0.2	0.4001381	-0.424923	34458.94	186.6312
0.2	0.4045183	-0.424923	34077.96	185.6022
0.2	0.4088986	-0.424923	33949.85	185.2548
0.2	0.4132788	-0.424923	33498.48	184.0259
0.2	0.417659	-0.424923	33297.54	183.4761
0.2	0.4220392	-0.424923	32856.03	182.2623
0.2	0.4264194	-0.424923	32679.29	181.7742
0.2	0.4307996	-0.424923	32263.56	180.6206
0.2	0.4351798	-0.424923	31774.52	179.2541
0.2	0.43956	-0.424923	31634.59	178.8612
0.2	0.4439402	-0.424923	31481.87	178.4313
0.2	0.4483204	-0.424923	31095.82	177.3401
0.2	0.4527006	-0.424923	30903.96	176.7952
0.2	0.4570807	-0.424923	30633.55	176.0244
0.2	0.4614609	-0.424923	30395.45	175.3429
0.2	0.465841	-0.424923	30278.76	175.0079
0.2	0.4702211	-0.424923	29752.54	173.4893
0.2	0.4746013	-0.424923	29532.15	172.8492
0.2	0.4789814	-0.424923	29396.11	172.4529
0.2	0.4833615	-0.424923	29035.65	171.3985
0.2	0.4877416	-0.424923	28972.99	171.2146
0.2	0.4921217	-0.424923	28583.99	170.068
0.2	0.4965018	-0.424923	28196.32	168.9176
0.2	0.5008819	-0.424923	27986.11	168.2905
0.2	0.5052619	-0.424923	27855.12	167.8985
0.2	0.509642	-0.424923	27672.97	167.352
0.2	0.5140221	-0.424923	27436.31	166.6391
0.2	0.5184021	-0.424923	27285.62	166.1836
0.2	0.5227821	-0.424923	26986.45	165.2755
0.2	0.5271621	-0.424923	26515.41	163.8355
0.2	0.5315422	-0.424923	26403.33	163.491
0.2	0.5359222	-0.424923	26178.08	162.7964
0.2	0.5403022	-0.424923	25834.19	161.7302
0.2	0.5446822	-0.424923	25726.09	161.3935
0.2	0.5490622	-0.424923	25537.46	160.8044
0.2	0.5534421	-0.424923	25239.42	159.8692
0.2	0.5578221	-0.424923	25152.09	159.5941
0.2	0.5622021	-0.424923	24825.74	158.5619
0.2	0.566582	-0.424923	24466.79	157.4187
0.2	0.570962	-0.424923	24303.72	156.8965
0.2	0.5753419	-0.424923	24153.73	156.4147
0.2	0.5797218	-0.424923	23935.74	155.7118
0.2	0.5841017	-0.424923	23724.58	155.0279
0.2	0.5884817	-0.424923	23505.52	154.3151
0.2	0.5928615	-0.424923	23294.24	153.6245
0.2	0.5972414	-0.424923	23073.97	152.9012
0.2	0.6016213	-0.424923	22788.75	151.9594
0.2	0.6060011	-0.424923	22601.2	151.3369
0.2	0.610381	-0.424923	22477.88	150.9262
0.2	0.6147609	-0.424923	22140.36	149.7964
0.2	0.6191407	-0.424923	21919.28	149.0516
0.2	0.6235206	-0.424923	21667.38	148.1984
0.2	0.6279004	-0.424923	21527.72	147.7233
0.2	0.6322802	-0.424923	21348.58	147.1115
0.2	0.63666	-0.424923	21136.43	146.3837
0.2	0.6410398	-0.424923	20841.48	145.3658
0.2	0.6454195	-0.424923	20646.39	144.6885
0.2	0.6497993	-0.424923	20471.12	144.0773
0.2	0.6541791	-0.424923	20226.07	143.2184
0.2	0.6585588	-0.424923	20135.31	142.8989
0.2	0.6629386	-0.424923	19895.71	142.0521
0.2	0.6673183	-0.424923	19722.22	141.4358
0.2	0.671698	-0.424923	19482.04	140.5781
0.2	0.6760777	-0.424923	19256.01	139.766
0.2	0.6804574	-0.424923	19117.76	139.267
0.2	0.6848371	-0.424923	18852.67	138.305
0.2	0.6892168	-0.424923	18767.82	137.9957
0.2	0.6935965	-0.424923	18619.11	137.4519
0.2	0.6979761	-0.424923	18406.78	136.6716
0.2	0.7023558	-0.424923	18318.17	136.3447
0.2	0.7067354	-0.424923	18087.06	135.4881
0.2	0.7111151	-0.424923	17805.53	134.4373
0.2	0.7154947	-0.424923	17596.71	133.6526
0.2	0.7198743	-0.424923	17442.71	133.0708
0.2	0.7242539	-0.424923	17278.45	132.4475
0.2	0.7286335	-0.424923	17093.34	131.7415
0.2	0.733013	-0.424923	16868.58	130.8791
0.2	0.7373926	-0.424923	16671.09	130.1166
0.2	0.7417722	-0.424923	16437.74	129.2097
0.2	0.7461517	-0.424923	16415.34	129.1224
0.2	0.7505312	-0.424923	16189.81	128.2392
0.2	0.7549107	-0.424923	16026.65	127.5964
0.2	0.7592902	-0.424923	15831.57	126.8236
0.2	0.7636697	-0.424923	15558.19	125.7325
0.2	0.7680492	-0.424923	15512.62	125.5497
0.2	0.7724287	-0.424923	15279.71	124.6111
0.2	0.7768081	-0.424923	15097.6	123.8723
0.2	0.7811876	-0.424923	14994.18	123.4507
0.2	0.785567	-0.424923	14810.62	122.6989
0.2	0.7899465	-0.424923	14623.98	121.9296
0.2	0.7943259	-0.424923	14406.42	121.0267
0.2	0.7987053	-0.424923	14352.78	120.8031
0.2	0.8030847	-0.424923	14122.84	119.8396
0.2	0.8074641	-0.424923	13913.71	118.9564
0.2	0.8118435	-0.424923	13803.4	118.4879
0.2	0.8162228	-0.424923	13636.5	117.7754
0.2	0.8206022	-0.424923	13411.01	116.8059
0.2	0.8249815	-0.424923	13248.37	116.1016
0.2	0.8293608	-0.424923	13064.72	115.301
0.2	0.8337401	-0.424923	12957.83	114.8325
0.2	0.8381194	-0.424923	12871.85	114.4542
0.2	0.8424987	-0.424923	12662.54	113.5279
0.2	0.846878	-0.424923	12475.5	112.6938
0.2	0.8512573	-0.424923	12311.99	111.9594
0.2	0.8556365	-0.424923	12185.92	111.3899
0.2	0.8600157	-0.424923	12007.85	110.5803
0.2	0.864395	-0.424923	11866.55	109.9337
0.2	0.8687742	-0.424923	11764.58	109.4646
0.2	0.8731534	-0.424923	11570.81	108.5677
0.2	0.8775325	-0.424923	11414.7	107.8396
0.2	0.8819117	-0.424923	11303.21	107.3165
0.2	0.8862909	-0.424923	11139.54	106.544
0.2	0.8906701	-0.424923	10987.36	105.8206
0.2	0.8950492	-0.424923	10882.54	105.3194
0.2	0.8994283	-0.424923	10732.18	104.5962
0.2	0.9038074	-0.424923	10594.16	103.9279
0.2	0.9081865	-0.424923	10467.58	103.3112
0.2	0.9125656	-0.424923	10300.04	102.4891
0.2	0.9169447	-0.424923	10165.54	101.8243
0.2	0.9213237	-0.424923	10055.58	101.2775
0.2	0.9257028	-0.424923	9967.968	100.8397
0.2	0.9300818	-0.424923	9850.02	100.2473
0.2	0.9344608	-0.424923	9714.525	99.56229
0.2	0.9388399	-0.424923	9487.57	98.40416
0.2	0.9432188	-0.424923	9336.442	97.62527
0.2	0.9475978	-0.424923	9172.75	96.77448
0.2	0.9519768	-0.424923	9089.795	96.34042
0.2	0.9563557	-0.424923	8957.987	95.64664
0.2	0.9607347	-0.424923	8857.308	95.11327
0.2	0.9651136	-0.424923	8731.135	94.44054
0.2	0.9694925	-0.424923	8593.025	93.69858
0.2	0.9738714	-0.424923	8472.378	93.04552
0.2	0.9782503	-0.424923	8356.808	92.41557
0.2	0.9826291	-0.424923	8258.052	91.87382
0.2	0.987008	-0.424923	8175.942	91.42091
0.2	0.9913868	-0.424923	8073	90.84988
0.2	0.9957657	-0.424923	7914.865	89.96553
0.2	1.000144	-0.424923	7764.07	89.11396
0.2	1.004523	-0.424923	7639.135	88.40215
0.2	1.008902	-0.424923	7513.449	87.68015
0.2	1.013281	-0.424923	7309.147	86.49355
0.2	1.01766	-0.424923	7201.526	85.8618
0.2	1.022038	-0.424923	7209	85.90583
0.2	1.026417	-0.424923	7116.583	85.35985
0.2	1.030796	-0.424923	6994.827	84.63508
0.2	1.035174	-0.424923	6880.622	83.94952
0.2	1.039553	-0.424923	6767.609	83.26548
0.2	1.043932	-0.424923	6610.667	82.30601
0.2	1.048311	-0.424923	6522.526	81.76215
0.2	1.052689	-0.424923	6456.308	81.35115
0.2	1.057068	-0.424923	6364.417	80.7773
0.2	1.061446	-0.424923	6227.667	79.91557
0.2	1.065825	-0.424923	6132.744	79.31184
0.2	1.070204	-0.424923	6095.18	79.07163
0.2	1.074582	-0.424923	6043.801	78.74189
0.2	1.078961	-0.424923	5907.109	77.85772
0.2	1.083339	-0.424923	5741.205	76.77074
0.2	1.087718	-0.424923	5686.103	76.40625
0.2	1.092096	-0.424923	5599.436	75.82938
0.2	1.096475	-0.424923	5523.333	75.31913
0.2	1.100853	-0.424923	5413.205	74.57449
0.2	1.105232	-0.424923	5349.885	74.14291
0.2	1.10961	-0.424923	5228.846	73.31076
0.2	1.113989	-0.424923	5128.654	72.61462
0.2	1.118367	-0.424923	5118.949	72.54683
0.2	1.122745	-0.424923	5000.07	71.71117
0.2	1.127124	-0.424923	4890.122	70.92941
0.2	1.131502	-0.424923	4808.724	70.34496
0.2	1.135881	-0.424923	4735.224	69.81297
0.2	1.140259	-0.424923	4675.263	69.37589
0.2	1.144637	-0.424923	4606.237	68.86926
0.2	1.149016	-0.424923	4487.141	67.98612
0.2	1.153394	-0.424923	4385.385	67.22224
0.2	1.157772	-0.424923	4318.769	66.71735
0.2	1.16215	-0.424923	4295.461	66.53977
0.2	1.166529	-0.424923	4155.904	65.4663
0.2	1.170907	-0.424923	4116.314	65.15851
0.2	1.175285	-0.424923	3993.686	64.19562
0.2	1.179663	-0.424923	3982.987	64.11091
0.2	1.184042	-0.424923	3889.5	63.36586
0.2	1.18842	-0.424923	3815.801	62.77217
0.2	1.192798	-0.424923	3766.506	62.37187
0.2	1.197176	-0.424923	3659.449	61.49338
0.2	1.201554	-0.424923	3595.211	60.96008
0.2	1.205932	-0.424923	3558.333	60.65177
0.2	1.21031	-0.424923	3496.173	60.12844
0.2	1.214688	-0.424923	3411.218	59.40563
0.2	1.219066	-0.424923	3345.814	58.84301
0.2	1.223444	-0.424923	3284.103	58.30709
0.2	1.227822	-0.424923	3221.289	57.7564
0.2	1.2322	-0.424923	3195.135	57.52552
0.2	1.236578	-0.424923	3129.481	56.94176
0.2	1.240956	-0.424923	3062.686	56.34154
0.2	1.245334	-0.424923	3008.532	55.85009
0.2	1.249712	-0.424923	2928.532	55.11591
0.2	1.25409	-0.424923	2887.961	54.73976
0.2	1.258468	-0.424923	2840.276	54.29424
0.2	1.262846	-0.424923	2766.039	53.59314
0.2	1.267224	-0.424923	2718.596	53.14016
0.2	1.271602	-0.424923	2662.103	52.59557
0.2	1.27598	-0.424923	2607.282	52.06155
0.2	1.280357	-0.424923	2544.692	51.44494
0.2	1.284735	-0.424923	2505.083	51.05081
0.2	1.289113	-0.424923	2436.077	50.35663
0.2	1.293491	-0.424923	2377.506	49.75968
0.2	1.297868	-0.424923	2337.994	49.3528
0.2	1.302246	-0.424923	2293.744	48.89304
0.2	1.306624	-0.424923	2250.474	48.43916
0.2	1.311002	-0.424923	2209.84	48.00893
0.2	1.315379	-0.424923	2168.628	47.56853
0.2	1.319757	-0.424923	2142.308	47.28507
0.2	1.324134	-0.424923	2118.263	47.02459
0.2	1.328512	-0.424923	2058.846	46.37451
0.2	1.33289	-0.424923	1981.974	45.51937
0.2	1.337267	-0.424923	1896.41	44.54779
0.2	1.341645	-0.424923	1885.147	44.41829
0.2	1.346022	-0.424923	1880.538	44.36518
0.2	1.3504	-0.424923	1838.609	43.87901
0.2	1.354777	-0.424923	1787.308	43.27656
0.2	1.359155	-0.424923	1755.109	42.89402
0.2	1.363532	-0.424923	1706.865	42.31423
0.2	1.36791	-0.424923	1659.987	41.74294
0.2	1.372287	-0.424923	1602.378	41.02972
0.2	1.376665	-0.424923	1568.718	40.60704
0.2	1.381042	-0.424923	1551.378	40.38754
0.2	1.385419	-0.424923	1501.333	39.74704
0.2	1.389797	-0.424923	1479.372	39.4626
0.2	1.394174	-0.424923	1470.596	39.34835
0.2	1.398552	-0.424923	1430.91	38.82737
0.2	1.402929	-0.424923	1403.096	38.45792
0.2	1.407306	-0.424923	1349.801	37.73964
0.2	1.411683	-0.424923	1312.154	37.22366
0.2	1.416061	-0.424923	1293.173	36.96072
0.2	1.420438	-0.424923	1259.571	36.49043
0.2	1.424815	-0.424923	1228.269	36.04667
0.2	1.429192	-0.424923	1204.551	35.70665
0.2	1.43357	-0.424923	1182.167	35.38265
0.2	1.437947	-0.424923	1171.135	35.22184
0.2	1.442324	-0.424923	1144.891	34.83624
0.2	1.446701	-0.424923	1113.25	34.3654
0.2	1.451078	-0.424923	1072.571	33.75012
0.2	1.455455	-0.424923	1039.538	33.24187
0.2	1.459832	-0.424923	1035.814	33.18407
0.2	1.464209	-0.424923	1018.135	32.90822
0.2	1.468586	-0.424923	981.4872	32.3287
0.2	1.472963	-0.424923	950.4615	31.82956
0.2	1.47734	-0.424923	934.6154	31.57148
0.2	1.481717	-0.424923	913.4359	31.2231
0.2	1.486094	-0.424923	887.5833	30.79234
0.2	1.490471	-0.424923	869.6218	30.48935
0.2	1.494848	-0.424923	849.75	30.15047
0.2	1.499225	-0.424923	856.4359	30.26493
0.2	1.503602	-0.424923	826.8269	29.7546
0.2	1.507979	-0.424923	803.0833	29.33872
0.2	1.512355	-0.424923	804.6154	29.36574
0.2	1.516732	-0.424923	785.6218	29.02895
0.2	1.521109	-0.424923	755.5897	28.48799
0.2	1.525486	-0.424923	731.2949	28.04246
0.2	1.529863	-0.424923	718.5064	27.80497
0.2	1.534239	-0.424923	698.8269	27.43534
0.2	1.538616	-0.424923	681.9615	27.11439
0.2	1.542993	-0.424923	671.9423	26.92185
0.2	1.547369	-0.424923	656.7308	26.62676
0.2	1.551746	-0.424923	659.75	26.6856
0.2	1.556123	-0.424923	643.6987	26.37122
0.2	1.560499	-0.424923	609.0705	25.67935
0.2	1.564876	-0.424923	602.3911	25.54366
0.2	1.569252	-0.424923	585.3975	25.19499
0.2	1.573629	-0.424923	569.7372	24.86917
0.2	1.578005	-0.424923	561.1282	24.68814
0.2	1.582382	-0.424923	563.5897	24.74005
0.2	1.586758	-0.424923	542.7308	24.29658
0.2	1.591135	-0.424923	537.2885	24.17948
0.2	1.595511	-0.424923	521.4359	23.83497
0.2	1.599888	-0.424923	511.3462	23.61296
0.2	1.604264	-0.424923	494.3782	23.23462
0.2	1.608641	-0.424923	495.5769	23.26156
0.2	1.613017	-0.424923	485.8269	23.04148
0.2	1.617393	-0.424923	479.9359	22.90744
0.2	1.62177	-0.424923	464.7628	22.55836
0.2	1.626146	-0.424923	457.4936	22.3891
0.2	1.630522	-0.424923	453.0513	22.285
0.2	1.634898	-0.424923	450.8205	22.23253
0.2	1.639275	-0.424923	439.859	21.97281
0.2	1.643651	-0.424923	425.8013	21.63495
0.2	1.648027	-0.424923	422.8205	21.5626
0.2	1.652403	-0.424923	420.7692	21.51266
0.2	1.656779	-0.424923	414.2244	21.3525
0.2	1.661155	-0.424923	409.2244	21.22929
0.2	1.665532	-0.424923	397.5898	20.93965
0.2	1.669908	-0.424923	386.7051	20.66482
0.2	1.674284	-0.424923	395.4551	20.88605
0.2	1.67866	-0.424923	382.0513	20.54613
0.2	1.683036	-0.424923	375.3205	20.37319
0.2	1.687412	-0.424923	370.7756	20.25554
0.2	1.691788	-0.424923	359.5962	19.96302
0.2	1.696164	-0.424923	358.9615	19.94628
0.2	1.700539	-0.424923	350.5	19.72165
0.2	1.704915	-0.424923	357.1474	19.89834
0.2	1.709291	-0.424923	345.0192	19.57469
0.2	1.713667	-0.424923	353.3333	19.79716
0.2	1.718043	-0.424923	348.6795	19.67296
0.2	1.722419	-0.424923	338.2308	19.39105
0.2	1.726795	-0.424923	346.1218	19.60435
0.2	1.73117	-0.424923	353.5898	19.80398
0.2	1.735546	-0.424923	324.0769	19.00214
0.2	1.739922	-0.424923	322.6667	18.96292
0.2	1.744298	-0.424923	322.9295	18.97024
0.2	1.748673	-0.424923	325.468	19.04073
0.2	1.753049	-0.424923	318.4359	18.84477
0.2	1.757424	-0.424923	315.9359	18.77459
0.2	1.7618	-0.424923	321.3205	18.92542
0.2	1.766176	-0.424923	326.2308	19.06186
0.2	1.770551	-0.424923	326.9551	19.0819
0.2	1.774927	-0.424923	327.1987	19.08863
0.2	1.779302	-0.424923	325.4423	19.04002
0.2	1.783678	-0.424923	319.5064	18.87474
0.2	1.788053	-0.424923	313.9359	18.71824
0.2	1.792429	-0.424923	314.968	18.74734
0.2	1.796804	-0.424923	313.8141	18.7148
0.2	1.80118	-0.424923	322.1474	18.94847
0.2	1.805555	-0.424923	333.9551	19.27444
0.2	1.80993	-0.424923	327.4744	19.09625
0.2	1.814306	-0.424923	322.3205	18.95329
0.2	1.818681	-0.424923	321.4102	18.92792
0.2	1.823056	-0.424923	319.1474	18.8647
0.2	1.827431	-0.424923	323.2372	18.9788
0.2	1.831807	-0.424923	322.718	18.96435
0.2	1.836182	-0.424923	327.1859	19.08828
0.2	1.840557	-0.424923	317.2372	18.81115
0.2	1.844932	-0.424923	318.5513	18.84801
0.2	1.849307	-0.424923	316.859	18.80053
0.2	1.853683	-0.424923	332.4808	19.23405
0.2	1.858057	-0.424923	333.359	19.25812
0.2	1.862433	-0.424923	325.859	19.05157
0.2	1.866808	-0.424923	321.4487	18.92899
0.2	1.871183	-0.424923	328.8974	19.13553
0.2	1.875558	-0.424923	346.968	19.62708
0.2	1.879933	-0.424923	328.5128	19.12492
0.2	1.884308	-0.424923	335.468	19.31578
0.2	1.888682	-0.424923	351.5641	19.75004
0.2	1.893057	-0.424923	346.6026	19.61727
0.2	1.897432	-0.424923	346.0962	19.60366
0.2	1.901807	-0.424923	343.6859	19.53877
0.2	1.906182	-0.424923	361.3398	20.00894
0.2	1.910557	-0.424923	353.5064	19.80177
0.2	1.914932	-0.424923	360.5898	19.9892
0.2	1.919306	-0.424923	360.359	19.98312
0.2	1.923681	-0.424923	363.0513	20.05391
0.2	1.928056	-0.424923	356.6474	19.88511
0.2	1.93243	-0.424923	363.2051	20.05794
0.2	1.936805	-0.424923	354.6987	19.83345
0.2	1.94118	-0.424923	359.4615	19.95947
0.2	1.945554	-0.424923	377.3141	20.42457
0.2	1.949929	-0.424923	378.6795	20.45969
0.2	1.954303	-0.424923	374.9231	20.36293
0.2	1.958678	-0.424923	373.1218	20.31636
0.2	1.963053	-0.424923	377.2628	20.42325
0.2	1.967427	-0.424923	379.25	20.47434
0.2	1.971801	-0.424923	373.4872	20.32582
0.2	1.976176	-0.424923	385.8333	20.64264
0.2	1.98055	-0.424923	391.4231	20.78441
0.2	1.984925	-0.424923	396.9359	20.92325
0.2	1.989299	-0.424923	397.8205	20.94544
0.2	1.993673	-0.424923	399.9487	20.99872
0.2	1.998048	-0.424923	402.3526	21.05873
0.2	2.002422	-0.424923	395.7885	20.89443
0.2	2.006796	-0.424923	398.6282	20.96568
0.2	2.01117	-0.424923	403.3333	21.08316
0.2	2.015544	-0.424923	405.859	21.14594
0.2	2.019919	-0.424923	409.7436	21.24212
0.2	2.024293	-0.424923	409.968	21.24767
0.2	2.028667	-0.424923	430.2244	21.74185
0.2	2.033041	-0.424923	429.2308	21.71789
0.2	2.037415	-0.424923	440.5064	21.98825
0.2	2.041789	-0.424923	441.75	22.01785
0.2	2.046163	-0.424923	436.0962	21.88292
0.2	2.050537	-0.424923	441.4872	22.0116
0.2	2.054911	-0.424923	450.7628	22.23118
0.2	2.059285	-0.424923	443.2756	22.05411
0.2	2.063659	-0.424923	449.0833	22.19159
0.2	2.068033	-0.424923	449.6987	22.2061
0.2	2.072407	-0.424923	457.4808	22.3888
0.2	2.076781	-0.424923	460.0705	22.44925
0.2	2.081154	-0.424923	466.8974	22.60781
0.2	2.085528	-0.424923	472.4423	22.73574
0.2	2.089902	-0.424923	470.6667	22.69485
0.2	2.094275	-0.424923	479.6282	22.90042
0.2	2.098649	-0.424923	481.5898	22.94515
0.2	2.103023	-0.424923	485.8846	23.04279
0.2	2.107397	-0.424923	461.4038	22.48031
0.2	2.11177	-0.424923	463.7628	22.53515
0.2	2.116144	-0.424923	480.9231	22.92996
0.2	2.120517	-0.424923	477.3141	22.84752
0.2	2.124891	-0.424923	490.4295	23.14564
0.2	2.129264	-0.424923	482.0192	22.95494
0.2	2.133638	-0.424923	487.7885	23.08593
0.2	2.138011	-0.424923	492.3846	23.18974
0.2	2.142385	-0.424923	496.5577	23.28358
0.2	2.146758	-0.424923	506.8398	23.5131
0.2	2.151131	-0.424923	499.6731	23.35337
0.2	2.155505	-0.424923	518.2051	23.76412
0.2	2.159878	-0.424923	518.8782	23.7789
0.2	2.164252	-0.424923	513.4487	23.65941
0.2	2.168625	-0.424923	520.8333	23.82177
0.2	2.172998	-0.424923	533.2949	24.09318
0.2	2.177371	-0.424923	539.9487	24.2368
0.2	2.181744	-0.424923	534.8205	24.12619
0.2	2.186117	-0.424923	526.7949	23.95201
0.2	2.190491	-0.424923	534.0897	24.11038
0.2	2.194864	-0.424923	529.3269	24.00711
0.2	2.199237	-0.424923	541.968	24.2802
0.2	2.20361	-0.424923	536.3525	24.15929
0.2	2.207983	-0.424923	541.3654	24.26726
0.2	2.212356	-0.424923	541.8077	24.27676
0.2	2.216729	-0.424923	547.0897	24.38995
0.2	2.221102	-0.424923	542.3718	24.28888
0.2	2.225475	-0.424923	546.8013	24.38378
0.2	2.229847	-0.424923	553.9231	24.53557
0.2	2.23422	-0.424923	558.1603	24.62542
0.2	2.238593	-0.424923	561.0641	24.68679
0.2	2.242966	-0.424923	560.9744	24.6849
0.2	2.247339	-0.424923	550.9487	24.4723
0.2	2.251711	-0.424923	562.6154	24.71951
0.2	2.256084	-0.424923	567.8846	24.83033
0.2	2.260457	-0.424923	567.1089	24.81405
0.2	2.264829	-0.424923	561.4872	24.69572
0.2	2.269202	-0.424923	563.6089	24.74045
0.2	2.273575	-0.424923	571.5449	24.90701
0.2	2.277947	-0.424923	567.7308	24.8271
0.2	2.28232	-0.424923	557.1025	24.60302
0.2	2.286692	-0.424923	563.968	24.74801
0.2	2.291065	-0.424923	574.9295	24.97769
0.2	2.295437	-0.424923	571.1218	24.89816
0.2	2.299809	-0.424923	564.2628	24.75422
0.2	2.304182	-0.424923	566.2115	24.7952
0.2	2.308554	-0.424923	576.5064	25.01055
0.2	2.312927	-0.424923	590.2436	25.29493
0.2	2.317299	-0.424923	587.3333	25.23496
0.2	2.321671	-0.424923	588.4551	25.25809
0.2	2.326043	-0.424923	600	25.4949
0.2	2.330415	-0.424923	603.1475	25.55906
0.2	2.334788	-0.424923	592.7885	25.34725
0.2	2.33916	-0.424923	594	25.37212
0.2	2.343532	-0.424923	592.1987	25.33513
0.2	2.347904	-0.424923	590.7372	25.30509
0.2	2.352276	-0.424923	591.0769	25.31207
0.2	2.356648	-0.424923	589.1987	25.27342
0.2	2.36102	-0.424923	590.3269	25.29664
0.2	2.365392	-0.424923	592.0064	25.33118
0.2	2.369764	-0.424923	598.1987	25.4581
0.2	2.374136	-0.424923	603.532	25.56689
0.2	2.378508	-0.424923	610.0641	25.69948
0.2	2.38288	-0.424923	609.3975	25.68598
0.2	2.387252	-0.424923	603.032	25.55671
0.2	2.391623	-0.424923	608.7436	25.67273
0.2	2.395995	-0.424923	610.5064	25.70843
0.2	2.400367	-0.424923	598.1539	25.45718
0.2	2.404738	-0.424923	588.0641	25.25003
0.2	2.40911	-0.424923	587.782	25.24422
0.2	2.413482	-0.424923	594.2564	25.37737
0.2	2.417853	-0.424923	606.2885	25.62292
0.2	2.422225	-0.424923	606.3525	25.62423
0.2	2.426597	-0.424923	606.5577	25.62839
0.2	2.430968	-0.424923	605.9744	25.61655
0.2	2.435339	-0.424923	606.1218	25.61954
0.2	2.439711	-0.424923	607.8654	25.65493
0.2	2.444082	-0.424923	609.9872	25.69792
0.2	2.448454	-0.424923	598.9103	25.47264
0.2	2.452825	-0.424923	595.3205	25.39919
0.2	2.457196	-0.424923	602.5897	25.5477
0.2	2.461568	-0.424923	597.6923	25.44775
0.2	2.465939	-0.424923	595.0961	25.39459
0.2	2.47031	-0.424923	609.7051	25.69221
0.2	2.474681	-0.424923	607.6475	25.65051
0.2	2.479053	-0.424923	604.6987	25.59062
0.2	2.483424	-0.424923	601.1475	25.51831
0.2	2.487795	-0.424923	592.4551	25.3404
0.2	2.492166	-0.424923	592.218	25.33553
0.2	2.496537	-0.424923	593.5256	25.36238
0.2	2.500908	-0.424923	600.1667	25.4983
0.2	2.505279	-0.424923	598.8782	25.47199
0.2	2.50965	-0.424923	585.4167	25.19538
0.2	2.514021	-0.424923	583.218	25.14991
0.2	2.518392	-0.424923	590.3589	25.2973
0.2	2.522763	-0.424923	585.3654	25.19433
0.2	2.527133	-0.424923	595.218	25.39709
0.2	2.531504	-0.424923	588.0897	25.25056
0.2	2.535875	-0.424923	579.1859	25.06628
0.2	2.540246	-0.424923	581.8654	25.12189
0.2	2.544616	-0.424923	575.3782	24.98704
0.2	2.548987	-0.424923	584.6987	25.18054
0.2	2.553358	-0.424923	588.4103	25.25717
0.2	2.557729	-0.424923	582.5128	25.1353
0.2	2.562099	-0.424923	579.2436	25.06748
0.2	2.566469	-0.424923	587.218	25.23258
0.2	2.57084	-0.424923	587.8718	25.24607
0.2	2.575211	-0.424923	581.5064	25.11444
0.2	2.579581	-0.424923	577.5256	25.03176
0.2	2.583951	-0.424923	577.8975	25.0395
0.2	2.588322	-0.424923	588.6987	25.26311
0.2	2.592692	-0.424923	591.3654	25.318
0.2	2.597062	-0.424923	568.0833	24.8345
0.2	2.601433	-0.424923	555.5256	24.56959
0.2	2.605803	-0.424923	558.2051	24.62637
0.2	2.610173	-0.424923	560.9872	24.68517
0.2	2.614543	-0.424923	566.3461	24.79803
0.2	2.618913	-0.424923	560.3077	24.67082
0.2	2.623284	-0.424923	554.9231	24.5568
0.2	2.627654	-0.424923	559.3077	24.64969
0.2	2.632024	-0.424923	564	24.74868
0.2	2.636394	-0.424923	558.2115	24.6265
0.2	2.640764	-0.424923	566.0449	24.7917
0.2	2.645134	-0.424923	568.2949	24.83894
0.2	2.649504	-0.424923	556.7308	24.59514
0.2	2.653873	-0.424923	546.6923	24.38145
0.2	2.658243	-0.424923	548.4423	24.41884
0.2	2.662613	-0.424923	545.0897	24.34716
0.2	2.666983	-0.424923	547.0705	24.38954
0.2	2.671353	-0.424923	543.5064	24.31322
0.2	2.675722	-0.424923	543.75	24.31845
0.2	2.680092	-0.424923	543.3333	24.30951
0.2	2.684462	-0.424923	537.3525	24.18087
0.2	2.688831	-0.424923	552.6346	24.50818
0.2	2.693201	-0.424923	564.5961	24.76123
0.2	2.697571	-0.424923	546.5641	24.37871
0.2	2.70194	-0.424923	537.4872	24.18377
0.2	2.70631	-0.424923	529.3141	24.00683
0.2	2.710679	-0.424923	527.1731	23.96025
0.2	2.715049	-0.424923	535.7244	24.14572
0.2	2.719418	-0.424923	523.8654	23.88811
0.2	2.723787	-0.424923	516.1987	23.72001
0.2	2.728157	-0.424923	520.2564	23.80913
0.2	2.732526	-0.424923	522.9551	23.86821
0.2	2.736895	-0.424923	522.8269	23.86541
0.2	2.741264	-0.424923	522.0256	23.84788
0.2	2.745633	-0.424923	509.7885	23.5785
0.2	2.750003	-0.424923	496.3398	23.27868
0.2	2.754372	-0.424923	503.2436	23.43309
0.2	2.758741	-0.424923	507.6474	23.53103
0.2	2.76311	-0.424923	501.8269	23.40149
0.2	2.767479	-0.424923	494.5641	23.2388
0.2	2.771848	-0.424923	495.1667	23.25234
0.2	2.776217	-0.424923	485.4744	23.03348
0.2	2.780586	-0.424923	484.1923	23.00437
0.2	2.784955	-0.424923	490.4295	23.14564
0.2	2.789323	-0.424923	487.9423	23.08942
0.2	2.793692	-0.424923	487.9615	23.08985
0.2	2.798061	-0.424923	479.0962	22.88827
0.2	2.80243	-0.424923	472.4808	22.73662
0.2	2.806798	-0.424923	473.859	22.7683
0.2	2.811167	-0.424923	473.8846	22.76889
0.2	2.815536	-0.424923	464.5192	22.55271
0.2	2.819904	-0.424923	465.2115	22.56876
0.2	2.824273	-0.424923	459.5256	22.43655
0.2	2.828641	-0.424923	455.1218	22.33358
0.2	2.83301	-0.424923	463.6538	22.53262
0.2	2.837378	-0.424923	461.3526	22.47912
0.2	2.841747	-0.424923	452.8974	22.28139
0.2	2.846115	-0.424923	456.718	22.37096
0.2	2.850483	-0.424923	453.4359	22.29403
0.2	2.854852	-0.424923	454.859	22.32742
0.2	2.85922	-0.424923	441.0128	22.00031
0.2	2.863588	-0.424923	436.8333	21.90056
0.2	2.867956	-0.424923	439.3846	21.9615
0.2	2.872324	-0.424923	436.6923	21.89718
0.2	2.876693	-0.424923	425.3333	21.62361
0.2	2.881061	-0.424923	424.1218	21.59422
0.2	2.885429	-0.424923	427.2051	21.66894
0.2	2.889797	-0.424923	423.7564	21.58534
0.2	2.894165	-0.424923	423.5513	21.58036
0.2	2.898533	-0.424923	425.3782	21.6247
0.2	2.902901	-0.424923	413.3077	21.32997
0.2	2.907269	-0.424923	413.4551	21.3336
0.2	2.911636	-0.424923	420.5769	21.50797
0.2	2.916004	-0.424923	415.5898	21.38602
0.2	2.920372	-0.424923	413.8398	21.34305
0.2	2.92474	-0.424923	416.1282	21.39922
0.2	2.929107	-0.424923	412.9487	21.32114
0.2	2.933475	-0.424923	405.9102	21.14721
0.2	2.937843	-0.424923	405.6154	21.13989
0.2	2.94221	-0.424923	396.7885	20.91955
0.2	2.946578	-0.424923	394.6026	20.8646
0.2	2.950945	-0.424923	384.0577	20.59739
0.2	2.955313	-0.424923	390.25	20.75475
0.2	2.95968	-0.424923	397.7308	20.94319
0.2	2.964048	-0.424923	392.2949	20.80643
0.2	2.968415	-0.424923	378.359	20.45145
0.2	2.972782	-0.424923	371.1154	20.26435
0.2	2.977149	-0.424923	376.641	20.40724
0.2	2.981517	-0.424923	375.7949	20.38543
0.2	2.985884	-0.424923	359.4936	19.96032
0.2	2.990251	-0.424923	359.2692	19.9544
0.2	2.994618	-0.424923	370.9744	20.26069
0.2	2.998986	-0.424923	365.7949	20.12576
0.2	3.003353	-0.424923	355.1667	19.84587
0.2	3.00772	-0.424923	344.7628	19.56779
0.2	3.012087	-0.424923	342.6282	19.51022
0.2	3.016454	-0.424923	336.0769	19.3324
0.2	3.02082	-0.424923	340.6346	19.45629
0.2	3.025187	-0.424923	346.1026	19.60383
0.2	3.029554	-0.424923	345.6731	19.59229
0.2	3.033921	-0.424923	340.6154	19.45577
0.2	3.038288	-0.424923	334.9102	19.30055
0.2	3.042655	-0.424923	325.2308	19.03415
0.2	3.047021	-0.424923	332.8654	19.2446
0.2	3.051388	-0.424923	341.0898	19.46861
0.2	3.055754	-0.424923	335.2692	19.31036
0.2	3.060121	-0.424923	323.0385	18.97327
0.2	3.064488	-0.424923	318.6538	18.85088
0.2	3.068854	-0.424923	317.7372	18.82518
0.2	3.07322	-0.424923	320.2115	18.89445
0.2	3.077587	-0.424923	328.8077	19.13305
0.2	3.081953	-0.424923	316.6731	18.79531
0.2	3.08632	-0.424923	305.5256	18.47929
0.2	3.090686	-0.424923	301.9808	18.37759
0.2	3.095052	-0.424923	309.8846	18.60354
0.2	3.099419	-0.424923	302.2949	18.38663
0.2	3.103785	-0.424923	305.6987	18.48424
0.2	3.108151	-0.424923	283.2115	17.82889
0.2	3.112517	-0.424923	284.3462	17.86257
0.2	3.116883	-0.424923	279.1026	17.70636
0.2	3.121249	-0.424923	282.0577	17.79457
0.2	3.125615	-0.424923	286.218	17.91798
0.2	3.129981	-0.424923	282.3205	17.8024
0.2	3.134347	-0.424923	282.2628	17.80068
0.2	3.138713	-0.424923	273.0962	17.52562
0.2	3.143079	-0.424923	274.7949	17.57694
0.2	3.147445	-0.424923	278.9808	17.70272
0.2	3.15181	-0.424923	273.7051	17.54404
0.2	3.156176	-0.424923	271.5128	17.47765
0.2	3.160542	-0.424923	270.8782	17.45838
0.2	3.164907	-0.424923	268.609	17.38929
0.2	3.169273	-0.424923	266.6731	17.33013
0.2	3.173639	-0.424923	261.3141	17.16521
0.2	3.178004	-0.424923	261.7885	17.17988
0.2	3.18237	-0.424923	254.5385	16.95426
0.2	3.186735	-0.424923	254.7692	16.96149
0.2	3.191101	-0.424923	251.8333	16.86926
0.2	3.195466	-0.424923	250.8846	16.83934
0.2	3.199831	-0.424923	242.7564	16.58064
0.2	3.204197	-0.424923	238.0449	16.4287
0.2	3.208562	-0.424923	242.9103	16.58558
0.2	3.212927	-0.424923	242.5064	16.57262
0.2	3.217292	-0.424923	239.2885	16.46895
0.2	3.221658	-0.424923	234.0513	16.29873
0.2	3.226022	-0.424923	239.2308	16.46709
0.2	3.230388	-0.424923	234.8846	16.32594
0.2	3.234753	-0.424923	236.7756	16.38752
0.2	3.239118	-0.424923	224.6731	15.9891
0.2	3.243483	-0.424923	227.2564	16.07503
0.2	3.247848	-0.424923	229.5	16.14926
0.2	3.252212	-0.424923	231.5256	16.21597
0.2	3.256577	-0.424923	223.9551	15.96513
0.2	3.260942	-0.424923	222.4808	15.91579
0.2	3.265307	-0.424923	220.3141	15.84298
0.2	3.269671	-0.424923	217.8654	15.76026
0.2	3.274036	-0.424923	218.2051	15.77177
0.2	3.278401	-0.424923	216.3718	15.70958
0.2	3.282765	-0.424923	209.3718	15.46969
0.2	3.28713	-0.424923	213.5513	15.61339
0.2	3.291494	-0.424923	215.0128	15.66332
0.2	3.295859	-0.424923	210.6538	15.51392
0.2	3.300223	-0.424923	199.7372	15.13284
0.2	3.304588	-0.424923	200.0833	15.14508
0.2	3.308952	-0.424923	205.1987	15.32476
0.2	3.313316	-0.424923	199.1474	15.11196
0.2	3.317681	-0.424923	205.6667	15.34108
0.2	3.322045	-0.424923	205.8782	15.34846
0.2	3.326409	-0.424923	199.5321	15.12558
0.2	3.330773	-0.424923	196.0256	15.00092
0.2	3.335137	-0.424923	204.6859	15.30685
0.2	3.339501	-0.424923	201.25	15.18626
0.2	3.343865	-0.424923	193.6987	14.91757
0.2	3.348229	-0.424923	188.7692	14.73933
0.2	3.352593	-0.424923	192.8846	14.88829
0.2	3.356957	-0.424923	193.4487	14.90858
0.2	3.361321	-0.424923	188.9551	14.74609
0.2	3.365685	-0.424923	182.0897	14.49406
0.2	3.370049	-0.424923	179.4744	14.3968
0.2	3.374412	-0.424923	179.8718	14.41163
0.2	3.378776	-0.424923	181.6731	14.47862
0.2	3.383139	-0.424923	177.75	14.33229
0.2	3.387503	-0.424923	169.9615	14.03693
0.2	3.391867	-0.424923	167.6026	13.94614
0.2	3.39623	-0.424923	173.8782	14.18629
0.2	3.400594	-0.424923	178.7436	14.3695
0.2	3.404957	-0.424923	177.5256	14.32387
0.2	3.40932	-0.424923	172.359	14.12856
0.2	3.413684	-0.424923	173.5577	14.17413
0.2	3.418047	-0.424923	161.4103	13.70473
0.2	3.42241	-0.424923	172.3269	14.12733
0.2	3.426774	-0.424923	175.2564	14.23844
0.2	3.431137	-0.424923	168.6282	13.98569
0.2	3.4355	-0.424923	172.3205	14.12709
0.2	3.439863	-0.424923	172.3974	14.13002
0.2	3.444226	-0.424923	164.1859	13.8135
0.2	3.448589	-0.424923	162.6795	13.75459
0.2	3.452952	-0.424923	159.4615	13.62781
0.2	3.457315	-0.424923	158.7692	13.60037
0.2	3.461678	-0.424923	155.391	13.46559
0.2	3.466041	-0.424923	152.3269	13.34208
0.2	3.470403	-0.424923	163.0192	13.7679
0.2	3.474766	-0.424923	150.6795	13.27516
0.2	3.479129	-0.424923	154.8974	13.44578
0.2	3.483492	-0.424923	157.3846	13.5453
0.2	3.487854	-0.424923	160.1731	13.65595
0.2	3.492217	-0.424923	160.6987	13.6767
0.2	3.496579	-0.424923	158.2372	13.57924
0.2	3.500942	-0.424923	155.859	13.48435
0.2	3.505304	-0.424923	155.6282	13.4751
0.2	3.509667	-0.424923	157.5769	13.55297
0.2	3.514029	-0.424923	51.48077	8.17501
0.2	3.518391	-0.424923	0	1
0.2	3.522754	-0.424923	0	1
