0.2	5.325889	1.119831	-103	11.14889
0.2	5.317152	1.119831	-103	11.14889
0.2	5.308414	1.119831	-103	11.14889
0.2	5.299668	1.119831	-103	11.14889
0.2	5.29093	1.119831	-103	11.14889
0.2	5.282192	1.119831	-103	11.14889
0.2	5.273454	1.119831	-103	11.14889
0.2	5.264715	1.119831	-103	11.14889
0.2	5.255977	1.119831	-103	11.14889
0.2	5.247237	1.119831	-103	11.14889
0.2	5.238498	1.119831	-103	11.14889
0.2	5.229758	1.119831	-103	11.14889
0.2	5.221019	1.119831	-103	11.14889
0.2	5.212278	1.119831	-103	11.14889
0.2	5.203538	1.119831	-103	11.14889
0.2	5.194798	1.119831	-103	11.14889
0.2	5.186057	1.119831	-103	11.14889
0.2	5.177316	1.119831	-103	11.14889
0.2	5.168574	1.119831	-103	11.14889
0.2	5.159832	1.119831	-103	11.14889
0.2	5.151091	1.119831	-103	11.14889
0.2	5.142349	1.119831	-103	11.14889
0.2	5.133606	1.119831	-103	11.14889
0.2	5.124864	1.119831	-103	11.14889
0.2	5.116121	1.119831	-103	11.14889
0.2	5.107378	1.119831	-103	11.14889
0.2	5.098634	1.119831	-103	11.14889
0.2	5.08989	1.119831	-103	11.14889
0.2	5.081147	1.119831	-103	11.14889
0.2	5.072402	1.119831	-103	11.14889
0.2	5.063658	1.119831	-102.9867	11.14824
0.2	5.054914	1.119831	-102.0449	11.10173
0.2	5.046169	1.119831	-91.98034	10.59064
0.2	5.037424	1.119831	-51.91602	8.205277
0.2	5.028678	1.119831	-1.828882	2.352362
0.2	5.019933	1.119831	53.62944	8.323213
0.2	5.011187	1.119831	100.8202	11.04093
0.2	5.002441	1.119831	113.3194	11.64516
0.2	4.993695	1.119831	118.9374	11.90584
0.2	4.984948	1.119831	114.7686	11.71301
0.2	4.976202	1.119831	120.5291	11.97857
0.2	4.967454	1.119831	117.1365	11.82296
0.2	4.958707	1.119831	120.192	11.96321
0.2	4.94996	1.119831	115.5145	11.74777
0.2	4.941212	1.119831	109.56	11.46709
0.2	4.932464	1.119831	115.6459	11.75388
0.2	4.923716	1.119831	118.6518	11.89274
0.2	4.914967	1.119831	116.5469	11.79569
0.2	4.906219	1.119831	118.6089	11.89077
0.2	4.89747	1.119831	120.8791	11.9945
0.2	4.88872	1.119831	119.1625	11.91616
0.2	4.879971	1.119831	122.0909	12.04948
0.2	4.871221	1.119831	125.4799	12.20178
0.2	4.862471	1.119831	126.5449	12.24922
0.2	4.853721	1.119831	124.5307	12.15933
0.2	4.844971	1.119831	128.8364	12.35061
0.2	4.83622	1.119831	125.3124	12.1943
0.2	4.827469	1.119831	119.6943	11.94049
0.2	4.818718	1.119831	124.5241	12.15904
0.2	4.809967	1.119831	132.0852	12.49283
0.2	4.801215	1.119831	125.5742	12.20599
0.2	4.792463	1.119831	131.6806	12.47522
0.2	4.783711	1.119831	134.9969	12.61882
0.2	4.774959	1.119831	134.0835	12.57944
0.2	4.766207	1.119831	126.5195	12.24809
0.2	4.757454	1.119831	127.8291	12.30615
0.2	4.748701	1.119831	134.2687	12.58744
0.2	4.739948	1.119831	134.7547	12.60839
0.2	4.731194	1.119831	132.0765	12.49245
0.2	4.722441	1.119831	124.7516	12.16923
0.2	4.713687	1.119831	128.3076	12.32729
0.2	4.704933	1.119831	129.9361	12.39895
0.2	4.696178	1.119831	130.7418	12.43424
0.2	4.687424	1.119831	134.4887	12.59693
0.2	4.678669	1.119831	129.5918	12.38384
0.2	4.669914	1.119831	127.4884	12.29108
0.2	4.661159	1.119831	133.3738	12.54876
0.2	4.652403	1.119831	134.7778	12.60938
0.2	4.643648	1.119831	140.0493	12.83424
0.2	4.634892	1.119831	138.9727	12.78867
0.2	4.626135	1.119831	131.5443	12.46927
0.2	4.617379	1.119831	135.6242	12.64578
0.2	4.608623	1.119831	129.9222	12.39834
0.2	4.599866	1.119831	130.5101	12.4241
0.2	4.591109	1.119831	136.7927	12.69584
0.2	4.582351	1.119831	126.4087	12.24316
0.2	4.573594	1.119831	136.6844	12.69121
0.2	4.564836	1.119831	134.7855	12.60972
0.2	4.556078	1.119831	134.5594	12.59997
0.2	4.54732	1.119831	127.5562	12.29408
0.2	4.538562	1.119831	132.808	12.52423
0.2	4.529803	1.119831	136.6435	12.68946
0.2	4.521044	1.119831	137.6315	12.73165
0.2	4.512285	1.119831	140.8548	12.86822
0.2	4.503526	1.119831	139.3122	12.80306
0.2	4.494766	1.119831	138.6546	12.77517
0.2	4.486007	1.119831	133.8589	12.56974
0.2	4.477247	1.119831	130.3808	12.41844
0.2	4.468486	1.119831	132.0685	12.49211
0.2	4.459726	1.119831	134.5478	12.59948
0.2	4.450965	1.119831	137.742	12.73635
0.2	4.442204	1.119831	141.5038	12.89554
0.2	4.433444	1.119831	141.5697	12.89831
0.2	4.424682	1.119831	139.3217	12.80346
0.2	4.415921	1.119831	140.0943	12.83615
0.2	4.407159	1.119831	141.0599	12.87686
0.2	4.398397	1.119831	135.9243	12.65866
0.2	4.389635	1.119831	137.7244	12.7356
0.2	4.380873	1.119831	139.5495	12.81311
0.2	4.37211	1.119831	137.1134	12.70954
0.2	4.363348	1.119831	135.5353	12.64196
0.2	4.354585	1.119831	135.8598	12.65589
0.2	4.345821	1.119831	141.428	12.89235
0.2	4.337058	1.119831	141.3743	12.89009
0.2	4.328294	1.119831	141.9819	12.91562
0.2	4.31953	1.119831	141.9734	12.91526
0.2	4.310767	1.119831	143.0656	12.961
0.2	4.302002	1.119831	141.783	12.90726
0.2	4.293238	1.119831	151.5313	13.3098
0.2	4.284473	1.119831	147.3973	13.14073
0.2	4.275708	1.119831	148.9297	13.20368
0.2	4.266943	1.119831	149.1646	13.2133
0.2	4.258178	1.119831	145.3556	13.05635
0.2	4.249412	1.119831	147.483	13.14426
0.2	4.240646	1.119831	142.2448	12.92664
0.2	4.231881	1.119831	154.576	13.43286
0.2	4.223114	1.119831	150.8474	13.28199
0.2	4.214348	1.119831	147.8988	13.16136
0.2	4.205582	1.119831	142.9745	12.9572
0.2	4.196815	1.119831	145.8764	13.07793
0.2	4.188048	1.119831	145.1664	13.0485
0.2	4.179281	1.119831	146.0797	13.08634
0.2	4.170513	1.119831	148.7017	13.19433
0.2	4.161746	1.119831	157.9585	13.56815
0.2	4.152978	1.119831	154.589	13.43338
0.2	4.14421	1.119831	152.5298	13.35029
0.2	4.135442	1.119831	149.747	13.23711
0.2	4.126673	1.119831	152.8502	13.36326
0.2	4.117905	1.119831	154.0597	13.41208
0.2	4.109136	1.119831	157.319	13.54269
0.2	4.100367	1.119831	154.6007	13.43386
0.2	4.091598	1.119831	151.625	13.31361
0.2	4.082829	1.119831	154.162	13.4162
0.2	4.074059	1.119831	155.4867	13.46943
0.2	4.065289	1.119831	163.8786	13.80151
0.2	4.056519	1.119831	168.9156	13.99675
0.2	4.047749	1.119831	169.4277	14.01644
0.2	4.038978	1.119831	167.3617	13.93683
0.2	4.030208	1.119831	166.8828	13.91831
0.2	4.021437	1.119831	168.5009	13.98079
0.2	4.012666	1.119831	161.5913	13.71186
0.2	4.003895	1.119831	166.3894	13.8992
0.2	3.995123	1.119831	167.8594	13.95606
0.2	3.986352	1.119831	159.5829	13.63261
0.2	3.97758	1.119831	166.9906	13.92248
0.2	3.968808	1.119831	171.2717	14.08708
0.2	3.960036	1.119831	170.3456	14.05165
0.2	3.951263	1.119831	170.3444	14.05161
0.2	3.942491	1.119831	167.4208	13.93912
0.2	3.933718	1.119831	165.7619	13.87486
0.2	3.924945	1.119831	161.0591	13.69091
0.2	3.916172	1.119831	163.6725	13.79346
0.2	3.907398	1.119831	166.2524	13.89389
0.2	3.898625	1.119831	170.9124	14.07335
0.2	3.889851	1.119831	174.851	14.22312
0.2	3.881077	1.119831	175.6771	14.25432
0.2	3.872303	1.119831	175.224	14.23722
0.2	3.86352	1.119831	175.9053	14.26293
0.2	3.854746	1.119831	176.3895	14.28117
0.2	3.845971	1.119831	177.4413	14.32071
0.2	3.837196	1.119831	174.7955	14.22103
0.2	3.828421	1.119831	171.637	14.10103
0.2	3.819646	1.119831	170.2283	14.04716
0.2	3.81087	1.119831	169.1316	14.00506
0.2	3.802094	1.119831	170.7249	14.06617
0.2	3.793319	1.119831	173.1768	14.15966
0.2	3.784543	1.119831	179.1599	14.38506
0.2	3.775766	1.119831	183.3333	14.54006
0.2	3.76699	1.119831	183.4388	14.54396
0.2	3.758214	1.119831	182.0228	14.49158
0.2	3.749437	1.119831	185.6704	14.62609
0.2	3.74066	1.119831	182.9223	14.52488
0.2	3.731883	1.119831	177.3098	14.31577
0.2	3.723105	1.119831	178.7859	14.37109
0.2	3.714328	1.119831	180.1331	14.42137
0.2	3.70555	1.119831	179.3786	14.39323
0.2	3.696772	1.119831	183.1319	14.53263
0.2	3.687994	1.119831	185.0066	14.60171
0.2	3.679216	1.119831	186.9144	14.67167
0.2	3.670438	1.119831	188.441	14.72738
0.2	3.661659	1.119831	184.4669	14.58186
0.2	3.65288	1.119831	185.7954	14.63068
0.2	3.644101	1.119831	186.1085	14.64216
0.2	3.635322	1.119831	181.8461	14.48503
0.2	3.626543	1.119831	187.2972	14.68566
0.2	3.617763	1.119831	186.9412	14.67264
0.2	3.608984	1.119831	190.1846	14.79074
0.2	3.600204	1.119831	187.0124	14.67525
0.2	3.591424	1.119831	183.8176	14.55793
0.2	3.582644	1.119831	189.9817	14.78338
0.2	3.573863	1.119831	195.4141	14.97906
0.2	3.565083	1.119831	197.3451	15.04796
0.2	3.556302	1.119831	202.1268	15.21713
0.2	3.547521	1.119831	205.1045	15.32147
0.2	3.53874	1.119831	204.2659	15.29216
0.2	3.529958	1.119831	207.7077	15.41207
0.2	3.521177	1.119831	205.0875	15.32088
0.2	3.512395	1.119831	211.6649	15.54871
0.2	3.503613	1.119831	214.6362	15.65047
0.2	3.494832	1.119831	208.3239	15.43343
0.2	3.486049	1.119831	208.3804	15.43539
0.2	3.477267	1.119831	212.8164	15.58823
0.2	3.468484	1.119831	215.3667	15.67538
0.2	3.459702	1.119831	217.0024	15.731
0.2	3.450919	1.119831	213.6545	15.61693
0.2	3.442136	1.119831	216.4762	15.71313
0.2	3.433353	1.119831	212.3391	15.57186
0.2	3.424569	1.119831	210.5817	15.51143
0.2	3.415786	1.119831	213.1014	15.59799
0.2	3.407002	1.119831	211.7884	15.55295
0.2	3.398218	1.119831	215.8438	15.69162
0.2	3.389434	1.119831	218.7754	15.79106
0.2	3.38065	1.119831	217.5136	15.74834
0.2	3.371866	1.119831	221.3451	15.87767
0.2	3.363081	1.119831	228.1219	16.1037
0.2	3.354296	1.119831	227.4098	16.08011
0.2	3.345511	1.119831	229.5901	16.15223
0.2	3.336726	1.119831	224.827	15.99423
0.2	3.327941	1.119831	221.4524	15.88128
0.2	3.319156	1.119831	222.224	15.90718
0.2	3.31037	1.119831	230.1064	16.16926
0.2	3.301584	1.119831	230.8799	16.19473
0.2	3.292799	1.119831	231.3186	16.20916
0.2	3.284013	1.119831	231.0553	16.2005
0.2	3.275226	1.119831	229.3678	16.14489
0.2	3.26644	1.119831	232.9843	16.26382
0.2	3.257653	1.119831	230.3956	16.17879
0.2	3.248867	1.119831	236.3683	16.37428
0.2	3.24008	1.119831	242.9687	16.58745
0.2	3.231293	1.119831	235.7666	16.35469
0.2	3.222506	1.119831	236.4759	16.37777
0.2	3.213718	1.119831	236.9242	16.39234
0.2	3.204931	1.119831	231.313	16.20898
0.2	3.196143	1.119831	242.0848	16.55908
0.2	3.187356	1.119831	244.1373	16.6249
0.2	3.178567	1.119831	244.112	16.62408
0.2	3.169779	1.119831	242.6909	16.57854
0.2	3.160991	1.119831	249.2528	16.78774
0.2	3.152203	1.119831	243.833	16.61515
0.2	3.143414	1.119831	236.7973	16.38822
0.2	3.134625	1.119831	245.0883	16.65529
0.2	3.125836	1.119831	258.6524	17.08268
0.2	3.117047	1.119831	254.3068	16.947
0.2	3.108258	1.119831	250.7197	16.83413
0.2	3.099468	1.119831	248.3486	16.75908
0.2	3.090679	1.119831	252.8528	16.90135
0.2	3.081889	1.119831	257.3958	17.04356
0.2	3.073099	1.119831	261.699	17.17711
0.2	3.064309	1.119831	269.8203	17.42621
0.2	3.055519	1.119831	262.2211	17.19324
0.2	3.046729	1.119831	267.0345	17.34119
0.2	3.037938	1.119831	259.52	17.10962
0.2	3.029148	1.119831	265.1547	17.28357
0.2	3.020357	1.119831	270.8011	17.45604
0.2	3.011566	1.119831	282.9421	17.82088
0.2	3.002775	1.119831	270.0513	17.43324
0.2	2.993984	1.119831	276.6205	17.63191
0.2	2.985192	1.119831	278.4878	17.68795
0.2	2.976401	1.119831	273.4113	17.53515
0.2	2.967609	1.119831	278.2584	17.68108
0.2	2.958817	1.119831	279.9325	17.73118
0.2	2.950025	1.119831	283.9659	17.85129
0.2	2.941233	1.119831	293.2692	18.1251
0.2	2.932441	1.119831	289.4557	18.0134
0.2	2.923648	1.119831	287.8276	17.96548
0.2	2.914856	1.119831	292.3494	18.09823
0.2	2.906063	1.119831	296.1066	18.20775
0.2	2.89727	1.119831	299.3745	18.30244
0.2	2.888477	1.119831	300.6775	18.34006
0.2	2.879684	1.119831	303.3342	18.41649
0.2	2.870891	1.119831	295.6204	18.19361
0.2	2.862097	1.119831	297.6113	18.25142
0.2	2.853304	1.119831	301.7032	18.36961
0.2	2.84451	1.119831	304.4263	18.44782
0.2	2.835716	1.119831	300.0647	18.32238
0.2	2.826922	1.119831	310.1921	18.61227
0.2	2.818128	1.119831	312.8914	18.68874
0.2	2.809334	1.119831	318.6797	18.8516
0.2	2.800539	1.119831	324.6719	19.01865
0.2	2.791744	1.119831	322.338	18.95377
0.2	2.78295	1.119831	324.2023	19.00562
0.2	2.774155	1.119831	326.6805	19.0743
0.2	2.76536	1.119831	329.0782	19.14051
0.2	2.756565	1.119831	328.193	19.1161
0.2	2.747769	1.119831	331.7175	19.21311
0.2	2.738974	1.119831	332.617	19.23779
0.2	2.730178	1.119831	327.3347	19.09239
0.2	2.721383	1.119831	344.9951	19.57405
0.2	2.712587	1.119831	338.2229	19.39084
0.2	2.703791	1.119831	344.7581	19.56766
0.2	2.694995	1.119831	343.8626	19.54353
0.2	2.686198	1.119831	344.0656	19.54901
0.2	2.677402	1.119831	340.9023	19.46354
0.2	2.668605	1.119831	343.8393	19.5429
0.2	2.659809	1.119831	344.9428	19.57264
0.2	2.651012	1.119831	340.6097	19.45562
0.2	2.642215	1.119831	351.0743	19.73698
0.2	2.633418	1.119831	363.0688	20.05436
0.2	2.624621	1.119831	364.3639	20.08832
0.2	2.615823	1.119831	360.8419	19.99584
0.2	2.607026	1.119831	361.1416	20.00373
0.2	2.598228	1.119831	359.3864	19.95749
0.2	2.589431	1.119831	362.7313	20.04551
0.2	2.580633	1.119831	373.5662	20.32786
0.2	2.571835	1.119831	374.0293	20.33984
0.2	2.563036	1.119831	373.4373	20.32453
0.2	2.554238	1.119831	389.6905	20.74058
0.2	2.54544	1.119831	383.1218	20.5735
0.2	2.536641	1.119831	383.2717	20.57733
0.2	2.527843	1.119831	389.5241	20.73636
0.2	2.519044	1.119831	379.9117	20.49132
0.2	2.510245	1.119831	381.7966	20.53962
0.2	2.501446	1.119831	393.0897	20.82649
0.2	2.492647	1.119831	403.0954	21.07724
0.2	2.483847	1.119831	399.2698	20.98174
0.2	2.475048	1.119831	397.7236	20.94301
0.2	2.466249	1.119831	405.3873	21.13423
0.2	2.457449	1.119831	411.4168	21.28341
0.2	2.448649	1.119831	413.6922	21.33943
0.2	2.439849	1.119831	410.3814	21.25787
0.2	2.431049	1.119831	410.8641	21.26978
0.2	2.42224	1.119831	417.5323	21.43361
0.2	2.41344	1.119831	418.6722	21.46148
0.2	2.404639	1.119831	415.6302	21.38701
0.2	2.395839	1.119831	411.8289	21.29357
0.2	2.387038	1.119831	416.6535	21.41209
0.2	2.378237	1.119831	432.7699	21.80312
0.2	2.369437	1.119831	435.1842	21.86107
0.2	2.360636	1.119831	442.0886	22.0259
0.2	2.351834	1.119831	443.3962	22.05697
0.2	2.343033	1.119831	458.315	22.40829
0.2	2.334232	1.119831	453.3229	22.29138
0.2	2.32543	1.119831	459.1647	22.42813
0.2	2.316628	1.119831	450.3495	22.22144
0.2	2.307827	1.119831	460.2496	22.45343
0.2	2.299025	1.119831	454.7986	22.32601
0.2	2.290223	1.119831	468.1387	22.63651
0.2	2.281421	1.119831	478.6216	22.87742
0.2	2.272619	1.119831	472.8726	22.74563
0.2	2.263816	1.119831	471.8573	22.72228
0.2	2.255014	1.119831	483.8117	22.99572
0.2	2.246211	1.119831	473.933	22.77
0.2	2.237408	1.119831	483.4347	22.98715
0.2	2.228606	1.119831	490.7525	23.15294
0.2	2.219803	1.119831	492.5677	23.19387
0.2	2.211	1.119831	493.7268	23.21996
0.2	2.202197	1.119831	496.8571	23.29029
0.2	2.193393	1.119831	506.1247	23.49722
0.2	2.18459	1.119831	506.9443	23.51542
0.2	2.175786	1.119831	524.0863	23.89293
0.2	2.166983	1.119831	523.3259	23.87632
0.2	2.158179	1.119831	530.1017	24.02394
0.2	2.149375	1.119831	527.3911	23.965
0.2	2.140571	1.119831	531.387	24.05183
0.2	2.131768	1.119831	531.2147	24.0481
0.2	2.122963	1.119831	532.9977	24.08674
0.2	2.114159	1.119831	538.5649	24.207
0.2	2.105355	1.119831	546.1887	24.37068
0.2	2.09655	1.119831	548.2021	24.41372
0.2	2.087746	1.119831	550.1783	24.45588
0.2	2.078941	1.119831	556.1526	24.58289
0.2	2.070136	1.119831	553.6408	24.52957
0.2	2.061331	1.119831	565.5502	24.7813
0.2	2.052526	1.119831	572.4213	24.92533
0.2	2.043721	1.119831	574.3178	24.96493
0.2	2.034916	1.119831	569.5762	24.8658
0.2	2.02611	1.119831	576.2253	25.00469
0.2	2.017305	1.119831	589.7498	25.28476
0.2	2.008499	1.119831	598.9422	25.4733
0.2	1.999694	1.119831	606.2261	25.62166
0.2	1.990888	1.119831	604.868	25.59406
0.2	1.982082	1.119831	611.5333	25.7292
0.2	1.973276	1.119831	617.0393	25.84028
0.2	1.96447	1.119831	609.0724	25.67939
0.2	1.955664	1.119831	608.2613	25.66295
0.2	1.946858	1.119831	614.312	25.78532
0.2	1.938051	1.119831	622.767	25.9553
0.2	1.929245	1.119831	627.3835	26.04762
0.2	1.920438	1.119831	637.5974	26.25069
0.2	1.911632	1.119831	645.8446	26.41347
0.2	1.902825	1.119831	638.6751	26.27202
0.2	1.894018	1.119831	648.0742	26.4573
0.2	1.885211	1.119831	665.6594	26.80037
0.2	1.876404	1.119831	668.1862	26.8493
0.2	1.867597	1.119831	658.4245	26.65978
0.2	1.85879	1.119831	661.8541	26.72653
0.2	1.849982	1.119831	667.6141	26.83823
0.2	1.841175	1.119831	680.296	27.08248
0.2	1.832367	1.119831	676.0851	27.00164
0.2	1.82356	1.119831	675.4317	26.98907
0.2	1.814752	1.119831	682.7509	27.1295
0.2	1.805944	1.119831	692.5302	27.31597
0.2	1.797136	1.119831	709.989	27.64562
0.2	1.788328	1.119831	707.6793	27.60224
0.2	1.77952	1.119831	712.9656	27.70142
0.2	1.770712	1.119831	712.472	27.69217
0.2	1.761903	1.119831	723.4287	27.89663
0.2	1.753095	1.119831	724.3868	27.91444
0.2	1.744287	1.119831	723.7343	27.90231
0.2	1.735478	1.119831	738.8962	28.18265
0.2	1.726669	1.119831	747.5078	28.34059
0.2	1.71786	1.119831	754.3568	28.46556
0.2	1.709052	1.119831	767.6545	28.70658
0.2	1.700243	1.119831	763.9747	28.64009
0.2	1.691434	1.119831	755.029	28.47779
0.2	1.682624	1.119831	760.5956	28.5789
0.2	1.673815	1.119831	767.6158	28.70588
0.2	1.665006	1.119831	776.0449	28.85758
0.2	1.656197	1.119831	773.4813	28.81153
0.2	1.647387	1.119831	789.569	29.09927
0.2	1.638577	1.119831	798.0452	29.24969
0.2	1.629768	1.119831	788.7256	29.08426
0.2	1.620958	1.119831	783.2407	28.98644
0.2	1.612148	1.119831	801.5024	29.31082
0.2	1.603338	1.119831	806.9375	29.40664
0.2	1.594528	1.119831	816.4776	29.57407
0.2	1.585718	1.119831	818.5721	29.6107
0.2	1.576908	1.119831	825.056	29.72379
0.2	1.568098	1.119831	837.1024	29.93272
0.2	1.559288	1.119831	841.2853	30.00492
0.2	1.550477	1.119831	843.1948	30.03782
0.2	1.541667	1.119831	849.9028	30.15309
0.2	1.532856	1.119831	839.9433	29.98178
0.2	1.524045	1.119831	851.3247	30.17747
0.2	1.515235	1.119831	863.7664	30.3899
0.2	1.506424	1.119831	885.5018	30.75738
0.2	1.497613	1.119831	871.6454	30.52364
0.2	1.488802	1.119831	874.4025	30.5703
0.2	1.479991	1.119831	877.3597	30.62026
0.2	1.47118	1.119831	882.2637	30.70292
0.2	1.462368	1.119831	898.3907	30.97317
0.2	1.453557	1.119831	899.8995	30.99833
0.2	1.444746	1.119831	916.397	31.27205
0.2	1.435934	1.119831	925.1151	31.4157
0.2	1.427123	1.119831	926.6884	31.44156
0.2	1.418311	1.119831	922.3259	31.36982
0.2	1.409499	1.119831	923.9629	31.39676
0.2	1.400688	1.119831	941.8513	31.6896
0.2	1.391876	1.119831	942.1509	31.69448
0.2	1.383064	1.119831	942.4505	31.69936
0.2	1.374252	1.119831	949.812	31.81902
0.2	1.36544	1.119831	949.3363	31.8113
0.2	1.356628	1.119831	964.2464	32.05232
0.2	1.347815	1.119831	975.4978	32.23296
0.2	1.339003	1.119831	975.017	32.22526
0.2	1.330191	1.119831	989.1591	32.4509
0.2	1.321378	1.119831	996.7025	32.57059
0.2	1.312566	1.119831	998.1891	32.59413
0.2	1.303753	1.119831	997.6332	32.58533
0.2	1.29494	1.119831	992.7449	32.50785
0.2	1.286128	1.119831	1008.615	32.75871
0.2	1.277315	1.119831	1016.299	32.87944
0.2	1.268502	1.119831	1014.872	32.85705
0.2	1.259689	1.119831	1026.245	33.03505
0.2	1.250876	1.119831	1032.326	33.12984
0.2	1.242063	1.119831	1022.899	32.98279
0.2	1.23325	1.119831	1040.221	33.25246
0.2	1.224437	1.119831	1059.719	33.55332
0.2	1.215623	1.119831	1058.194	33.5299
0.2	1.20681	1.119831	1053.146	33.45221
0.2	1.197997	1.119831	1076.648	33.81231
0.2	1.189183	1.119831	1079.156	33.85051
0.2	1.18037	1.119831	1062.829	33.60105
0.2	1.171556	1.119831	1088.402	33.99094
0.2	1.162742	1.119831	1088.259	33.98878
0.2	1.153929	1.119831	1085.449	33.94615
0.2	1.145115	1.119831	1083.025	33.90934
0.2	1.136301	1.119831	1102.497	34.20387
0.2	1.127487	1.119831	1107.048	34.27233
0.2	1.118673	1.119831	1113.243	34.3653
0.2	1.109859	1.119831	1118.088	34.43782
0.2	1.101045	1.119831	1121.224	34.48468
0.2	1.092231	1.119831	1124.277	34.53024
0.2	1.083417	1.119831	1139.74	34.76003
0.2	1.074602	1.119831	1154.101	34.97206
0.2	1.065788	1.119831	1148.027	34.88255
0.2	1.056973	1.119831	1136.155	34.70689
0.2	1.048159	1.119831	1151.116	34.9281
0.2	1.039344	1.119831	1157.789	35.0263
0.2	1.03053	1.119831	1148.803	34.894
0.2	1.021715	1.119831	1166.173	35.14927
0.2	1.0129	1.119831	1165.703	35.1424
0.2	1.004086	1.119831	1181.493	35.37285
0.2	0.9952708	1.119831	1200.522	35.64854
0.2	0.986456	1.119831	1188.129	35.46925
0.2	0.9776322	1.119831	1193.071	35.54086
0.2	0.9688172	1.119831	1203.183	35.68693
0.2	0.9600022	1.119831	1207.123	35.74367
0.2	0.9511871	1.119831	1209.83	35.78261
0.2	0.9423719	1.119831	1241.398	36.23348
0.2	0.9335567	1.119831	1219.06	35.91505
0.2	0.9247414	1.119831	1225.724	36.01035
0.2	0.9159261	1.119831	1247.004	36.31294
0.2	0.9071108	1.119831	1244.827	36.2821
0.2	0.8982953	1.119831	1247.277	36.3168
0.2	0.8894798	1.119831	1263.689	36.5484
0.2	0.8806643	1.119831	1256.502	36.44717
0.2	0.8718487	1.119831	1263.029	36.53912
0.2	0.8630331	1.119831	1283.007	36.81909
0.2	0.8542174	1.119831	1290.451	36.92284
0.2	0.8454017	1.119831	1296.124	37.00172
0.2	0.8365859	1.119831	1295.811	36.99738
0.2	0.8277701	1.119831	1298.616	37.03632
0.2	0.8189542	1.119831	1317.266	37.29416
0.2	0.8101383	1.119831	1323.513	37.38012
0.2	0.8013223	1.119831	1308.894	37.17863
0.2	0.7925063	1.119831	1298.53	37.03512
0.2	0.7836902	1.119831	1315.967	37.27625
0.2	0.7748741	1.119831	1330.691	37.47864
0.2	0.7660579	1.119831	1339.584	37.60033
0.2	0.7572417	1.119831	1334.388	37.52928
0.2	0.7484255	1.119831	1338.684	37.58803
0.2	0.7396092	1.119831	1350.716	37.75209
0.2	0.7307928	1.119831	1384.67	38.21115
0.2	0.7219764	1.119831	1383.498	38.1954
0.2	0.71316	1.119831	1368.552	37.99394
0.2	0.7043435	1.119831	1390.033	38.28315
0.2	0.695527	1.119831	1394.241	38.33953
0.2	0.6867105	1.119831	1399.196	38.40583
0.2	0.6778938	1.119831	1418.238	38.6595
0.2	0.6690772	1.119831	1422.412	38.71488
0.2	0.6602605	1.119831	1424.307	38.74
0.2	0.6514438	1.119831	1425.936	38.76157
0.2	0.642627	1.119831	1428.117	38.79044
0.2	0.6338102	1.119831	1431.692	38.83771
0.2	0.6249934	1.119831	1454.626	39.13956
0.2	0.6161765	1.119831	1443.831	38.99777
0.2	0.6073596	1.119831	1461.46	39.22904
0.2	0.5985426	1.119831	1477.085	39.43287
0.2	0.5897256	1.119831	1489.253	39.59084
0.2	0.5809086	1.119831	1489.205	39.59022
0.2	0.5720915	1.119831	1498.368	39.70875
0.2	0.5632744	1.119831	1515.044	39.92357
0.2	0.5544572	1.119831	1506.767	39.8171
0.2	0.5456401	1.119831	1501.299	39.7466
0.2	0.5368229	1.119831	1513.281	39.90092
0.2	0.5280056	1.119831	1530.79	40.12531
0.2	0.5191883	1.119831	1533.592	40.1611
0.2	0.510371	1.119831	1549.922	40.36905
0.2	0.5015537	1.119831	1554.063	40.4216
0.2	0.4927363	1.119831	1555.787	40.44346
0.2	0.4839188	1.119831	1571.453	40.64156
0.2	0.4751014	1.119831	1582.864	40.78522
0.2	0.4662839	1.119831	1599.909	40.99886
0.2	0.4574664	1.119831	1616.843	41.20999
0.2	0.4486488	1.119831	1630.422	41.37848
0.2	0.4398313	1.119831	1629.759	41.37027
0.2	0.4310136	1.119831	1644.773	41.5558
0.2	0.422196	1.119831	1646.798	41.58076
0.2	0.4133784	1.119831	1686.499	42.06701
0.2	0.4045607	1.119831	1706.46	42.30932
0.2	0.3957429	1.119831	1738.49	42.69521
0.2	0.3869252	1.119831	1746.363	42.78951
0.2	0.3781074	1.119831	1796.696	43.38745
0.2	0.3692896	1.119831	1794.853	43.3657
0.2	0.3604718	1.119831	1816.524	43.6207
0.2	0.3516539	1.119831	1865.141	44.18728
0.2	0.342836	1.119831	1913.99	44.74918
0.2	0.3340181	1.119831	1940.342	45.04931
0.2	0.3252001	1.119831	1983.856	45.5405
0.2	0.3163822	1.119831	2053.61	46.31677
0.2	0.3075642	1.119831	2110.008	46.93482
0.2	0.2987462	1.119831	2190.519	47.80298
0.2	0.2899281	1.119831	2269.888	48.64334
0.2	0.2811101	1.119831	2368.089	49.66302
0.2	0.272292	1.119831	2493.035	50.9303
0.2	0.2634739	1.119831	2672.533	52.69654
0.2	0.2546558	1.119831	2849.896	54.38442
0.2	0.2458376	1.119831	3072.844	56.43324
0.2	0.2370195	1.119831	3313.345	58.56166
0.2	0.2282013	1.119831	3553.562	60.61177
0.2	0.2193831	1.119831	3700.72	61.83354
0.2	0.2105648	1.119831	3837.074	62.94412
0.2	0.2017466	1.119831	3726.811	62.04761
0.2	0.1929283	1.119831	3477.805	59.97292
0.2	0.18411	1.119831	3156.782	57.18525
0.2	0.1752917	1.119831	2814.694	54.05369
0.2	0.1664734	1.119831	2565.842	51.65414
0.2	0.1576551	1.119831	2299.048	48.94838
0.2	0.1488367	1.119831	2060.086	46.38816
0.2	0.1400183	1.119831	1807.968	43.52021
0.2	0.1311999	1.119831	1579.277	40.74012
0.2	0.1223815	1.119831	1384.186	38.20465
0.2	0.1135631	1.119831	1212.548	35.82166
0.2	0.1047447	1.119831	1037.515	33.21048
0.2	0.09592623	1.119831	881.7231	30.69382
0.2	0.08710776	1.119831	745.4214	28.30241
0.2	0.07828929	1.119831	621.4586	25.92907
0.2	0.06947079	1.119831	510.185	23.58728
0.2	0.06065229	1.119831	420.8242	21.514
0.2	0.05183377	1.119831	342.506	19.50692
0.2	0.04301525	1.119831	273.6583	17.54262
0.2	0.03419671	1.119831	219.488	15.81513
0.2	0.02537816	1.119831	177.1936	14.31141
0.2	0.0165596	1.119831	151.0363	13.28968
0.2	0.007741025	1.119831	132.9187	12.52904
0.2	-0.001077556	1.119831	117.0433	11.81866
0.2	-0.009896147	1.119831	105.968	11.29408
0.2	-0.01871475	1.119831	101.4043	11.06997
0.2	-0.02753335	1.119831	95.70826	10.78306
0.2	-0.03635197	1.119831	95.66327	10.78076
0.2	-0.04517059	1.119831	94.54494	10.72342
0.2	-0.05398923	1.119831	92.71337	10.62878
0.2	-0.06280787	1.119831	91.42997	10.5619
0.2	-0.07162651	1.119831	88.27831	10.39565
0.2	-0.08044516	1.119831	84.65615	10.20088
0.2	-0.08926382	1.119831	80.76419	9.98689
0.2	-0.09808248	1.119831	75.10748	9.666457
0.2	-0.1069011	1.119831	68.38711	9.26965
0.2	-0.1157198	1.119831	62.65644	8.915583
0.2	-0.1245385	1.119831	61.79091	8.86072
0.2	-0.1333572	1.119831	60.24573	8.761812
0.2	-0.1421759	1.119831	52.53814	8.24832
0.2	-0.1509945	1.119831	44.67052	7.683601
0.2	-0.1598132	1.119831	38.86574	7.23424
0.2	-0.1686319	1.119831	33.88668	6.821227
0.2	-0.1774506	1.119831	30.13657	6.489678
0.2	-0.1862693	1.119831	21.50335	5.637171
0.2	-0.195088	1.119831	9.892283	4.1452
0.2	-0.2039067	1.119831	-24.8945	5.989439
0.2	-0.2127254	1.119831	-53.7323	8.330232
0.2	-0.2215441	1.119831	-67.99661	9.246006
0.2	-0.2303628	1.119831	-72.81625	9.533243
0.2	-0.2391814	1.119831	-74.32854	9.6214
0.2	-0.2480001	1.119831	-75.95924	9.71546
0.2	-0.2568188	1.119831	-77.25481	9.789472
0.2	-0.2656375	1.119831	-78.24471	9.845604
0.2	-0.2744562	1.119831	-78.64028	9.867936
0.2	-0.2832749	1.119831	-79.41807	9.911681
0.2	-0.2920935	1.119831	-80.52939	9.973817
0.2	-0.3009122	1.119831	-80.19456	9.955141
0.2	-0.3097309	1.119831	-80.83336	9.990737
0.2	-0.3185495	1.119831	-81.9351	10.0518
0.2	-0.3273682	1.119831	-81.11216	10.00623
0.2	-0.3361868	1.119831	-78.85909	9.880263
0.2	-0.3450055	1.119831	-80.55163	9.975056
0.2	-0.3538241	1.119831	-79.49159	9.915806
0.2	-0.3626427	1.119831	-80.68816	9.982658
0.2	-0.3714613	1.119831	-80.58204	9.976749
0.2	-0.3802799	1.119831	-83.14088	10.11816
0.2	-0.3890985	1.119831	-81.13847	10.00769
0.2	-0.3979171	1.119831	-81.71246	10.03949
0.2	-0.4067357	1.119831	-82.91293	10.10565
0.2	-0.4155543	1.119831	-82.59031	10.08792
0.2	-0.4243729	1.119831	-80.93918	9.99662
0.2	-0.4331914	1.119831	-83.13328	10.11775
0.2	-0.4420099	1.119831	-84.74662	10.20579
0.2	-0.4508285	1.119831	-83.9602	10.16298
0.2	-0.459647	1.119831	-84.66909	10.20158
0.2	-0.4684655	1.119831	-84.26439	10.17956
0.2	-0.4772928	1.119831	-82.59447	10.08815
0.2	-0.4861113	1.119831	-83.11359	10.11667
0.2	-0.4949297	1.119831	-83.6503	10.14605
0.2	-0.5037482	1.119831	-83.15065	10.1187
0.2	-0.5125666	1.119831	-82.26328	10.06991
0.2	-0.5213851	1.119831	-83.12682	10.11739
0.2	-0.5302035	1.119831	-85.25922	10.23359
0.2	-0.5390218	1.119831	-84.79688	10.20852
0.2	-0.5478402	1.119831	-84.98135	10.21853
0.2	-0.5566586	1.119831	-81.6624	10.03673
0.2	-0.565477	1.119831	-85.74052	10.25962
0.2	-0.5742953	1.119831	-85.54176	10.24888
0.2	-0.5831136	1.119831	-83.65546	10.14634
0.2	-0.5919318	1.119831	-84.4864	10.19165
0.2	-0.6007501	1.119831	-84.64864	10.20047
0.2	-0.6095684	1.119831	-85.27431	10.23441
0.2	-0.6183866	1.119831	-85.90922	10.26872
0.2	-0.6272048	1.119831	-85.18018	10.22931
0.2	-0.636023	1.119831	-84.68327	10.20235
0.2	-0.6448412	1.119831	-85.3176	10.23675
0.2	-0.6536593	1.119831	-85.62441	10.25335
0.2	-0.6624774	1.119831	-84.96391	10.21759
0.2	-0.6712956	1.119831	-84.2298	10.17768
0.2	-0.6801137	1.119831	-85.0434	10.2219
0.2	-0.6889317	1.119831	-85.97556	10.2723
0.2	-0.6977497	1.119831	-84.907	10.2145
0.2	-0.7065678	1.119831	-83.41051	10.13294
0.2	-0.7153857	1.119831	-82.80118	10.09951
0.2	-0.7242037	1.119831	-84.13743	10.17265
0.2	-0.7330217	1.119831	-85.3564	10.23885
0.2	-0.7418396	1.119831	-84.94739	10.21669
0.2	-0.7506575	1.119831	-85.64665	10.25455
0.2	-0.7594754	1.119831	-84.1828	10.17512
0.2	-0.7682932	1.119831	-84.02845	10.1667
0.2	-0.777111	1.119831	-86.25287	10.28724
0.2	-0.7859288	1.119831	-84.83794	10.21075
0.2	-0.7947465	1.119831	-84.00237	10.16528
0.2	-0.8035643	1.119831	-86.27904	10.28865
0.2	-0.8123819	1.119831	-86.2037	10.2846
0.2	-0.8211996	1.119831	-86.0615	10.27693
0.2	-0.8300173	1.119831	-86.08188	10.27803
0.2	-0.8388349	1.119831	-85.73512	10.25933
0.2	-0.8476524	1.119831	-86.10575	10.27932
0.2	-0.85647	1.119831	-83.66393	10.1468
0.2	-0.8652875	1.119831	-84.1265	10.17205
0.2	-0.874105	1.119831	-85.16567	10.22853
0.2	-0.8829225	1.119831	-84.31858	10.18252
0.2	-0.8917399	1.119831	-85.5093	10.24712
0.2	-0.9005573	1.119831	-85.35757	10.23892
0.2	-0.9093747	1.119831	-84.44102	10.18918
0.2	-0.918192	1.119831	-86.10603	10.27933
0.2	-0.9270092	1.119831	-87.13091	10.33439
0.2	-0.9358265	1.119831	-84.6519	10.20065
0.2	-0.9446437	1.119831	-85.86226	10.26619
0.2	-0.9534609	1.119831	-84.97781	10.21834
0.2	-0.9622781	1.119831	-84.7566	10.20634
0.2	-0.9710952	1.119831	-85.33442	10.23766
0.2	-0.9799123	1.119831	-85.48076	10.24558
0.2	-0.9887293	1.119831	-85.77179	10.26131
0.2	-0.9975463	1.119831	-85.91074	10.2688
0.2	-1.006363	1.119831	-85.17794	10.22919
0.2	-1.01518	1.119831	-85.09695	10.2248
0.2	-1.023997	1.119831	-85.63078	10.25369
0.2	-1.032814	1.119831	-84.19807	10.17595
0.2	-1.041631	1.119831	-85.39661	10.24103
0.2	-1.050447	1.119831	-86.05567	10.27662
0.2	-1.059264	1.119831	-87.91817	10.37647
0.2	-1.068081	1.119831	-87.40073	10.34884
0.2	-1.076898	1.119831	-85.68984	10.25688
0.2	-1.085714	1.119831	-86.15398	10.28192
0.2	-1.094531	1.119831	-86.28483	10.28896
0.2	-1.103347	1.119831	-87.20709	10.33847
0.2	-1.112164	1.119831	-86.30958	10.29029
0.2	-1.12098	1.119831	-85.20069	10.23042
0.2	-1.129797	1.119831	-87.09174	10.3323
0.2	-1.138613	1.119831	-88.39717	10.40198
0.2	-1.147429	1.119831	-87.31133	10.34405
0.2	-1.156245	1.119831	-86.54637	10.30303
0.2	-1.165062	1.119831	-85.51068	10.2472
0.2	-1.173878	1.119831	-84.60206	10.19794
0.2	-1.182694	1.119831	-84.72066	10.20438
0.2	-1.19151	1.119831	-85.74653	10.25994
0.2	-1.200326	1.119831	-84.07156	10.16905
0.2	-1.209142	1.119831	-84.23222	10.17781
0.2	-1.217958	1.119831	-86.85615	10.31966
0.2	-1.226774	1.119831	-85.1807	10.22934
0.2	-1.23559	1.119831	-85.97324	10.27218
0.2	-1.244406	1.119831	-87.64105	10.36168
0.2	-1.253221	1.119831	-86.81766	10.3176
0.2	-1.262037	1.119831	-85.41293	10.24191
0.2	-1.270853	1.119831	-86.11836	10.28
0.2	-1.279668	1.119831	-85.56945	10.25038
0.2	-1.288484	1.119831	-83.95126	10.16249
0.2	-1.297299	1.119831	-85.30833	10.23625
0.2	-1.306115	1.119831	-87.08998	10.3322
0.2	-1.31493	1.119831	-87.0684	10.33105
0.2	-1.323745	1.119831	-86.20994	10.28493
0.2	-1.332561	1.119831	-87.2638	10.34151
0.2	-1.341376	1.119831	-86.43253	10.29691
0.2	-1.350191	1.119831	-85.30421	10.23603
0.2	-1.359006	1.119831	-86.71885	10.3123
0.2	-1.367821	1.119831	-86.54562	10.30299
0.2	-1.376636	1.119831	-87.0088	10.32785
0.2	-1.385451	1.119831	-88.07928	10.38506
0.2	-1.394266	1.119831	-87.81152	10.37078
0.2	-1.403081	1.119831	-86.64894	10.30854
0.2	-1.411896	1.119831	-86.14496	10.28143
0.2	-1.42071	1.119831	-85.51384	10.24737
0.2	-1.429525	1.119831	-85.3098	10.23633
0.2	-1.43834	1.119831	-86.84222	10.31892
0.2	-1.447154	1.119831	-87.61469	10.36027
0.2	-1.455969	1.119831	-87.1397	10.33486
0.2	-1.464783	1.119831	-87.04959	10.33004
0.2	-1.473597	1.119831	-87.01936	10.32842
0.2	-1.482412	1.119831	-86.27206	10.28827
0.2	-1.491226	1.119831	-88.0135	10.38155
0.2	-1.50004	1.119831	-87.77583	10.36888
0.2	-1.508854	1.119831	-86.28127	10.28877
0.2	-1.517668	1.119831	-84.57076	10.19624
0.2	-1.526482	1.119831	-87.87195	10.374
0.2	-1.535296	1.119831	-88.15853	10.38928
0.2	-1.54411	1.119831	-84.91513	10.21494
0.2	-1.552924	1.119831	-84.18451	10.17521
0.2	-1.561738	1.119831	-86.65567	10.3089
0.2	-1.570551	1.119831	-86.795	10.31638
0.2	-1.579365	1.119831	-85.63742	10.25405
0.2	-1.588179	1.119831	-86.32425	10.29108
0.2	-1.596992	1.119831	-87.73369	10.36663
0.2	-1.605805	1.119831	-87.33477	10.34531
0.2	-1.614619	1.119831	-85.14679	10.2275
0.2	-1.623432	1.119831	-86.51933	10.30158
0.2	-1.632245	1.119831	-84.91764	10.21508
0.2	-1.641058	1.119831	-84.63611	10.19979
0.2	-1.649871	1.119831	-86.43478	10.29703
0.2	-1.658684	1.119831	-86.46536	10.29868
0.2	-1.667497	1.119831	-85.25484	10.23335
0.2	-1.67631	1.119831	-85.20856	10.23085
0.2	-1.685123	1.119831	-85.78253	10.26189
0.2	-1.693936	1.119831	-86.2746	10.28841
0.2	-1.702749	1.119831	-86.85932	10.31983
0.2	-1.711561	1.119831	-87.90243	10.37563
0.2	-1.720374	1.119831	-88.8975	10.42855
0.2	-1.729186	1.119831	-88.5097	10.40796
0.2	-1.737998	1.119831	-88.0425	10.3831
0.2	-1.746811	1.119831	-87.35346	10.34631
0.2	-1.755623	1.119831	-85.21676	10.23129
0.2	-1.764435	1.119831	-85.54788	10.24921
0.2	-1.773247	1.119831	-86.10403	10.27923
0.2	-1.782059	1.119831	-85.78915	10.26224
0.2	-1.790871	1.119831	-86.16998	10.28278
0.2	-1.799683	1.119831	-86.79465	10.31636
0.2	-1.808495	1.119831	-84.745	10.2057
0.2	-1.817307	1.119831	-85.25497	10.23336
0.2	-1.826118	1.119831	-84.95201	10.21694
0.2	-1.83493	1.119831	-84.4516	10.18976
0.2	-1.843741	1.119831	-85.1844	10.22954
0.2	-1.852553	1.119831	-86.68359	10.3104
0.2	-1.861364	1.119831	-87.12724	10.3342
0.2	-1.870175	1.119831	-87.48127	10.35314
0.2	-1.878986	1.119831	-86.80347	10.31684
0.2	-1.887797	1.119831	-85.56696	10.25024
0.2	-1.896608	1.119831	-88.96534	10.43214
0.2	-1.905419	1.119831	-88.54498	10.40983
0.2	-1.91423	1.119831	-85.75008	10.26013
0.2	-1.92305	1.119831	-87.84881	10.37277
0.2	-1.93186	1.119831	-88.52459	10.40875
0.2	-1.940671	1.119831	-86.4738	10.29913
0.2	-1.949481	1.119831	-86.96999	10.32577
0.2	-1.958292	1.119831	-86.90705	10.3224
0.2	-1.967102	1.119831	-86.63848	10.30798
0.2	-1.975913	1.119831	-87.21652	10.33898
0.2	-1.984723	1.119831	-87.19679	10.33792
0.2	-1.993533	1.119831	-87.34347	10.34577
0.2	-2.002343	1.119831	-86.70747	10.31168
0.2	-2.011153	1.119831	-87.33317	10.34522
0.2	-2.019963	1.119831	-86.43041	10.2968
0.2	-2.028772	1.119831	-88.32976	10.39839
0.2	-2.037582	1.119831	-86.51701	10.30145
0.2	-2.046391	1.119831	-86.60336	10.30609
0.2	-2.055201	1.119831	-88.64574	10.41519
0.2	-2.06401	1.119831	-88.34045	10.39896
0.2	-2.07282	1.119831	-87.43136	10.35047
0.2	-2.081629	1.119831	-86.88892	10.32142
0.2	-2.090438	1.119831	-87.39949	10.34877
0.2	-2.099247	1.119831	-86.05538	10.2766
0.2	-2.108056	1.119831	-85.00854	10.22001
0.2	-2.116865	1.119831	-86.33924	10.29189
0.2	-2.125674	1.119831	-89.3019	10.44997
0.2	-2.134483	1.119831	-87.78313	10.36926
0.2	-2.143291	1.119831	-85.35336	10.23869
0.2	-2.1521	1.119831	-86.7465	10.31378
0.2	-2.160908	1.119831	-87.80228	10.37029
0.2	-2.169716	1.119831	-86.78046	10.3156
0.2	-2.178524	1.119831	-87.11858	10.33373
0.2	-2.187333	1.119831	-88.66924	10.41643
0.2	-2.196141	1.119831	-86.38465	10.29433
0.2	-2.204949	1.119831	-87.30603	10.34377
0.2	-2.213757	1.119831	-87.60841	10.35994
0.2	-2.222564	1.119831	-88.08781	10.38551
0.2	-2.231372	1.119831	-88.53188	10.40914
0.2	-2.24018	1.119831	-87.82677	10.37159
0.2	-2.248987	1.119831	-87.79714	10.37001
0.2	-2.257794	1.119831	-87.59735	10.35935
0.2	-2.266602	1.119831	-88.51495	10.40824
0.2	-2.275409	1.119831	-88.63766	10.41476
0.2	-2.284216	1.119831	-86.66193	10.30924
0.2	-2.293023	1.119831	-88.10151	10.38624
0.2	-2.30183	1.119831	-85.73258	10.25919
0.2	-2.310637	1.119831	-85.13219	10.22671
0.2	-2.319443	1.119831	-86.26415	10.28785
0.2	-2.32825	1.119831	-86.60381	10.30612
0.2	-2.337056	1.119831	-88.00436	10.38106
0.2	-2.345863	1.119831	-86.29566	10.28955
0.2	-2.354669	1.119831	-85.86142	10.26614
0.2	-2.363475	1.119831	-86.75752	10.31437
0.2	-2.372281	1.119831	-87.34709	10.34597
0.2	-2.381087	1.119831	-88.44662	10.40461
0.2	-2.389893	1.119831	-88.21992	10.39255
0.2	-2.398699	1.119831	-87.1884	10.33747
0.2	-2.407505	1.119831	-88.67848	10.41693
0.2	-2.41631	1.119831	-88.33092	10.39845
0.2	-2.425116	1.119831	-87.31618	10.34431
0.2	-2.433921	1.119831	-86.85529	10.31962
0.2	-2.442726	1.119831	-87.49176	10.3537
0.2	-2.451531	1.119831	-87.61801	10.36045
0.2	-2.460336	1.119831	-87.08582	10.33198
0.2	-2.469141	1.119831	-87.33486	10.34531
0.2	-2.477946	1.119831	-86.43936	10.29728
0.2	-2.486751	1.119831	-87.52316	10.35538
0.2	-2.495555	1.119831	-87.02326	10.32863
0.2	-2.50436	1.119831	-86.96449	10.32548
0.2	-2.513164	1.119831	-87.62762	10.36096
0.2	-2.521968	1.119831	-88.3564	10.39981
0.2	-2.530772	1.119831	-88.77975	10.4223
0.2	-2.539577	1.119831	-88.24358	10.39381
0.2	-2.548381	1.119831	-86.7963	10.31645
0.2	-2.557184	1.119831	-86.18837	10.28377
0.2	-2.565988	1.119831	-88.13892	10.38823
0.2	-2.574792	1.119831	-87.35017	10.34613
0.2	-2.583595	1.119831	-88.64757	10.41528
0.2	-2.592399	1.119831	-88.01121	10.38143
0.2	-2.601202	1.119831	-87.7799	10.36909
0.2	-2.610005	1.119831	-86.2477	10.28696
0.2	-2.618808	1.119831	-87.17482	10.33675
0.2	-2.627611	1.119831	-87.4242	10.35009
0.2	-2.636414	1.119831	-88.04008	10.38297
0.2	-2.645216	1.119831	-87.5779	10.35831
0.2	-2.654019	1.119831	-86.27557	10.28846
0.2	-2.662822	1.119831	-87.38431	10.34796
0.2	-2.671624	1.119831	-86.14507	10.28144
0.2	-2.680426	1.119831	-86.62152	10.30707
0.2	-2.689228	1.119831	-87.75361	10.36769
0.2	-2.69803	1.119831	-86.94695	10.32453
0.2	-2.706832	1.119831	-85.82952	10.26442
0.2	-2.715634	1.119831	-86.42673	10.2966
0.2	-2.724436	1.119831	-86.9223	10.32321
0.2	-2.733237	1.119831	-87.35397	10.34633
0.2	-2.742038	1.119831	-87.20038	10.33811
0.2	-2.75084	1.119831	-87.67844	10.36368
0.2	-2.759641	1.119831	-87.44589	10.35125
0.2	-2.768442	1.119831	-87.60143	10.35956
0.2	-2.777243	1.119831	-87.99172	10.38039
0.2	-2.786044	1.119831	-87.57312	10.35805
0.2	-2.794844	1.119831	-85.54704	10.24916
0.2	-2.803645	1.119831	-89.8716	10.48006
0.2	-2.812445	1.119831	-87.68728	10.36415
0.2	-2.821246	1.119831	-86.73882	10.31337
0.2	-2.830046	1.119831	-85.3679	10.23948
0.2	-2.838846	1.119831	-86.22322	10.28565
0.2	-2.847646	1.119831	-87.8336	10.37196
0.2	-2.856446	1.119831	-85.38033	10.24015
0.2	-2.865245	1.119831	-87.83749	10.37217
0.2	-2.874045	1.119831	-89.97415	10.48547
0.2	-2.882844	1.119831	-89.04304	10.43626
0.2	-2.891644	1.119831	-86.60385	10.30612
0.2	-2.900443	1.119831	-89.09853	10.4392
0.2	-2.909242	1.119831	-88.99993	10.43398
0.2	-2.918041	1.119831	-88.65453	10.41565
0.2	-2.92684	1.119831	-87.42554	10.35016
0.2	-2.935638	1.119831	-88.79593	10.42316
0.2	-2.944437	1.119831	-86.54932	10.30319
0.2	-2.953235	1.119831	-86.1478	10.28158
0.2	-2.962034	1.119831	-85.70466	10.25768
0.2	-2.970832	1.119831	-86.1831	10.28349
0.2	-2.97963	1.119831	-85.59581	10.2518
0.2	-2.988428	1.119831	-84.52308	10.19364
0.2	-2.997225	1.119831	-83.49781	10.13771
0.2	-3.006023	1.119831	-82.82624	10.10089
0.2	-3.01482	1.119831	-78.36326	9.852303
0.2	-3.023618	1.119831	-74.80803	9.649163
0.2	-3.032415	1.119831	-71.09362	9.431704
0.2	-3.041212	1.119831	-67.55247	9.21903
0.2	-3.050009	1.119831	-62.33086	8.894989
0.2	-3.058806	1.119831	-56.10861	8.490568
0.2	-3.067603	1.119831	-52.16732	8.222695
0.2	-3.076399	1.119831	-49.17632	8.012583
0.2	-3.085196	1.119831	-46.3932	7.811255
0.2	-3.093992	1.119831	-42.02202	7.482439
0.2	-3.102788	1.119831	-37.8387	7.151317
0.2	-3.111584	1.119831	-32.71235	6.719471
0.2	-3.12038	1.119831	-26.06649	6.105536
0.2	-3.129176	1.119831	-24.13326	5.912562
0.2	-3.137971	1.119831	-21.21594	5.606076
0.2	-3.146767	1.119831	-19.86829	5.457386
0.2	-3.155562	1.119831	-15.73911	4.967254
0.2	-3.164357	1.119831	-16.55996	5.069393
0.2	-3.173152	1.119831	-16.43665	5.054214
0.2	-3.181947	1.119831	-15.71983	4.964824
0.2	-3.190742	1.119831	-13.06093	4.613991
0.2	-3.199536	1.119831	-13.20886	4.634399
0.2	-3.208331	1.119831	-11.36067	4.370559
0.2	-3.217125	1.119831	-15.46942	4.933118
0.2	-3.225919	1.119831	-16.76084	5.094
0.2	-3.234714	1.119831	-17.51452	5.185035
0.2	-3.243507	1.119831	-13.00945	4.606861
0.2	-3.252301	1.119831	-12.6964	4.5632
0.2	-3.261095	1.119831	-12.29577	4.506532
0.2	-3.269888	1.119831	-15.3311	4.915495
0.2	-3.278682	1.119831	-13.11553	4.621537
0.2	-3.287475	1.119831	-15.36744	4.920133
0.2	-3.296268	1.119831	-16.98333	5.121083
0.2	-3.305061	1.119831	-10.73644	4.27665
0.2	-3.313854	1.119831	-14.03752	4.746667
0.2	-3.322646	1.119831	-16.19628	5.024461
0.2	-3.331439	1.119831	-19.61522	5.428907
0.2	-3.340231	1.119831	-19.58126	5.425072
0.2	-3.349023	1.119831	-31.91895	6.649685
0.2	-3.357815	1.119831	-54.09394	8.354858
0.2	-3.366616	1.119831	-72.28852	9.502266
0.2	-3.375407	1.119831	-91.63702	10.57272
0.2	-3.384199	1.119831	-103	11.14889
0.2	-3.39299	1.119831	-103	11.14889
0.2	-3.401782	1.119831	-103	11.14889
0.2	-3.410573	1.119831	-103	11.14889
0.2	-3.419363	1.119831	-103	11.14889
0.2	-3.428154	1.119831	-103	11.14889
0.2	-3.436945	1.119831	-103	11.14889
0.2	-3.445735	1.119831	-103	11.14889
0.2	-3.454526	1.119831	-103	11.14889
0.2	-3.463316	1.119831	-103	11.14889
0.2	-3.472106	1.119831	-103	11.14889
0.2	-3.480896	1.119831	-103	11.14889
0.2	-3.489686	1.119831	-103	11.14889
0.2	-3.498475	1.119831	-103	11.14889
0.2	-3.507265	1.119831	-103	11.14889
0.2	-3.516054	1.119831	-103	11.14889
0.2	-3.524843	1.119831	-103	11.14889
0.2	-3.533632	1.119831	-103	11.14889
0.2	-3.542421	1.119831	-103	11.14889
0.2	-3.551209	1.119831	-103	11.14889
0.2	-3.559998	1.119831	-103	11.14889
0.2	-3.568786	1.119831	-103	11.14889
0.2	-3.577574	1.119831	-103	11.14889
0.2	-3.586362	1.119831	-103	11.14889
0.2	-3.59515	1.119831	-103	11.14889
0.2	-3.603938	1.119831	-103	11.14889
0.2	-3.612725	1.119831	-103	11.14889
0.2	-3.621513	1.119831	-103	11.14889
0.2	-3.6303	1.119831	-103	11.14889
0.2	-3.639087	1.119831	-103	11.14889
0.2	-3.647874	1.119831	-103	11.14889
0.2	-3.656661	1.119831	-103	11.14889
0.2	-3.665447	1.119831	-103	11.14889
0.2	-3.674234	1.119831	-103	11.14889
