0.2	0.4527006	-2.48232	0	1
0.2	0.4527006	-2.477947	0	1
0.2	0.4527006	-2.473575	0	1
0.2	0.4527006	-2.469202	0	1
0.2	0.4527006	-2.464829	0	1
0.2	0.4527006	-2.460457	0	1
0.2	0.4527006	-2.456084	0	1
0.2	0.4527006	-2.451711	0	1
0.2	0.4527006	-2.447339	0	1
0.2	0.4527006	-2.442966	0	1
0.2	0.4527006	-2.438593	0	1
0.2	0.4527006	-2.43422	0	1
0.2	0.4527006	-2.429847	0	1
0.2	0.4527006	-2.425475	0	1
0.2	0.4527006	-2.421102	0	1
0.2	0.4527006	-2.416729	0	1
0.2	0.4527006	-2.412356	0	1
0.2	0.4527006	-2.407983	0	1
0.2	0.4527006	-2.40361	0	1
0.2	0.4527006	-2.399237	0	1
0.2	0.4527006	-2.394864	0	1
0.2	0.4527006	-2.390491	0	1
0.2	0.4527006	-2.386117	0	1
0.2	0.4527006	-2.381744	0	1
0.2	0.4527006	-2.377371	0	1
0.2	0.4527006	-2.372998	0	1
0.2	0.4527006	-2.368625	0	1
0.2	0.4527006	-2.364251	0	1
0.2	0.4527006	-2.359878	0	1
0.2	0.4527006	-2.355505	0	1
0.2	0.4527006	-2.351131	0	1
0.2	0.4527006	-2.346758	0	1
0.2	0.4527006	-2.342385	0	1
0.2	0.4527006	-2.338011	0	1
0.2	0.4527006	-2.333638	0	1
0.2	0.4527006	-2.329264	0	1
0.2	0.4527006	-2.324891	0	1
0.2	0.4527006	-2.320517	0.448718	1.669864
0.2	0.4527006	-2.316144	4.192307	3.047513
0.2	0.4527006	-2.31177	13.74359	4.707235
0.2	0.4527006	-2.307397	24.14744	5.914004
0.2	0.4527006	-2.303023	44.30769	7.656403
0.2	0.4527006	-2.298649	69.41666	9.331667
0.2	0.4527006	-2.294276	86.3782	10.29399
0.2	0.4527006	-2.289902	92.86539	10.63667
0.2	0.4527006	-2.285528	96.11539	10.80385
0.2	0.4527006	-2.281154	106.2949	11.30994
0.2	0.4527006	-2.276781	103.9423	11.19521
0.2	0.4527006	-2.272407	104.0641	11.20118
0.2	0.4527006	-2.268033	110.5705	11.51525
0.2	0.4527006	-2.263659	105.25	11.25914
0.2	0.4527006	-2.259285	99.45513	10.97272
0.2	0.4527006	-2.254911	98.58334	10.92891
0.2	0.4527006	-2.250537	106.9231	11.34036
0.2	0.4527006	-2.246163	103.9295	11.19458
0.2	0.4527006	-2.241789	108.9295	11.43693
0.2	0.4527006	-2.237415	111.7628	11.57179
0.2	0.4527006	-2.233041	105.2949	11.26133
0.2	0.4527006	-2.228667	109.2564	11.45258
0.2	0.4527006	-2.224293	108.2949	11.40648
0.2	0.4527006	-2.219919	106.7115	11.33013
0.2	0.4527006	-2.215544	110.359	11.50519
0.2	0.4527006	-2.21117	115.8205	11.76199
0.2	0.4527006	-2.206796	118.25	11.87428
0.2	0.4527006	-2.202422	115.6538	11.75425
0.2	0.4527006	-2.198048	114.5	11.70047
0.2	0.4527006	-2.193673	119.4423	11.92897
0.2	0.4527006	-2.189299	119.7692	11.94391
0.2	0.4527006	-2.184925	116.9936	11.81636
0.2	0.4527006	-2.18055	113.1859	11.63889
0.2	0.4527006	-2.176176	120.2308	11.96498
0.2	0.4527006	-2.171801	114.8974	11.71902
0.2	0.4527006	-2.167427	122.5897	12.07203
0.2	0.4527006	-2.163053	122.0962	12.04971
0.2	0.4527006	-2.158678	122.4615	12.06623
0.2	0.4527006	-2.154303	122	12.04536
0.2	0.4527006	-2.149929	126.8782	12.26402
0.2	0.4527006	-2.145554	122.641	12.07434
0.2	0.4527006	-2.14118	122.2949	12.0587
0.2	0.4527006	-2.136805	121.0256	12.00117
0.2	0.4527006	-2.13243	120.7692	11.98951
0.2	0.4527006	-2.128056	120.9872	11.99942
0.2	0.4527006	-2.123681	126.9551	12.26744
0.2	0.4527006	-2.119306	130.8846	12.44048
0.2	0.4527006	-2.114932	129.141	12.36402
0.2	0.4527006	-2.110557	129.7692	12.39163
0.2	0.4527006	-2.106182	124.4808	12.15709
0.2	0.4527006	-2.101807	120.9359	11.99709
0.2	0.4527006	-2.097432	130.8205	12.43768
0.2	0.4527006	-2.093057	131.7885	12.47992
0.2	0.4527006	-2.088682	127.2821	12.28193
0.2	0.4527006	-2.084308	125.4167	12.19896
0.2	0.4527006	-2.079933	126.9551	12.26744
0.2	0.4527006	-2.075558	131.4615	12.46567
0.2	0.4527006	-2.071183	124.391	12.15307
0.2	0.4527006	-2.066808	127.4231	12.28818
0.2	0.4527006	-2.062433	130.2692	12.41356
0.2	0.4527006	-2.058058	131.1923	12.45392
0.2	0.4527006	-2.053683	129.6282	12.38544
0.2	0.4527006	-2.049307	126.3526	12.24067
0.2	0.4527006	-2.044932	136.0577	12.66438
0.2	0.4527006	-2.040557	137.4038	12.72194
0.2	0.4527006	-2.036182	139.5192	12.81183
0.2	0.4527006	-2.031807	143.5	12.97915
0.2	0.4527006	-2.027431	141.3141	12.88756
0.2	0.4527006	-2.023056	140.2821	12.84407
0.2	0.4527006	-2.018681	137.2115	12.71373
0.2	0.4527006	-2.014306	138.3974	12.76424
0.2	0.4527006	-2.00993	142.109	12.92095
0.2	0.4527006	-2.005555	140.3013	12.84488
0.2	0.4527006	-2.001179	139.8205	12.82457
0.2	0.4527006	-1.996804	142.1987	12.92471
0.2	0.4527006	-1.992429	143.7885	12.99118
0.2	0.4527006	-1.988053	144.9744	13.04053
0.2	0.4527006	-1.983678	143.2308	12.96791
0.2	0.4527006	-1.979302	147.5641	13.1476
0.2	0.4527006	-1.974927	149.3718	13.22178
0.2	0.4527006	-1.970551	149.3846	13.2223
0.2	0.4527006	-1.966176	148.4744	13.18501
0.2	0.4527006	-1.9618	148.75	13.19631
0.2	0.4527006	-1.957424	155.0705	13.45273
0.2	0.4527006	-1.953049	155.6923	13.47767
0.2	0.4527006	-1.948673	153.3782	13.3846
0.2	0.4527006	-1.944298	157.5641	13.55245
0.2	0.4527006	-1.939922	160.2115	13.65747
0.2	0.4527006	-1.935546	157.3974	13.54581
0.2	0.4527006	-1.93117	149.4103	13.22335
0.2	0.4527006	-1.926795	150.4679	13.26654
0.2	0.4527006	-1.922419	152.3205	13.34182
0.2	0.4527006	-1.918043	157.0962	13.5338
0.2	0.4527006	-1.913667	157.0833	13.53329
0.2	0.4527006	-1.909291	159.4231	13.62629
0.2	0.4527006	-1.904915	159.9744	13.6481
0.2	0.4527006	-1.90054	155.1859	13.45736
0.2	0.4527006	-1.896164	164.9744	13.84423
0.2	0.4527006	-1.891788	165.7051	13.87265
0.2	0.4527006	-1.887412	165.9808	13.88335
0.2	0.4527006	-1.883036	179.7628	14.40757
0.2	0.4527006	-1.87866	179.1859	14.38603
0.2	0.4527006	-1.874284	177.6346	14.32796
0.2	0.4527006	-1.869908	174.9808	14.22803
0.2	0.4527006	-1.865531	176.2308	14.27519
0.2	0.4527006	-1.861155	177.0962	14.30775
0.2	0.4527006	-1.856779	168.4231	13.97779
0.2	0.4527006	-1.852403	174.1795	14.19771
0.2	0.4527006	-1.848027	177.3462	14.31714
0.2	0.4527006	-1.843651	173.1731	14.15952
0.2	0.4527006	-1.839275	179.7628	14.40757
0.2	0.4527006	-1.834898	183.9423	14.56253
0.2	0.4527006	-1.830522	181.1795	14.46029
0.2	0.4527006	-1.826146	182.5705	14.51187
0.2	0.4527006	-1.82177	186.5128	14.65697
0.2	0.4527006	-1.817393	186.8974	14.67104
0.2	0.4527006	-1.813017	183.7564	14.55568
0.2	0.4527006	-1.808641	188.4167	14.72649
0.2	0.4527006	-1.804264	189.6538	14.77149
0.2	0.4527006	-1.799888	186.391	14.65251
0.2	0.4527006	-1.795511	190.6218	14.80659
0.2	0.4527006	-1.791135	188.9744	14.74679
0.2	0.4527006	-1.786758	188.25	14.72042
0.2	0.4527006	-1.782382	191.7692	14.84808
0.2	0.4527006	-1.778005	191.0449	14.8219
0.2	0.4527006	-1.773629	194.5128	14.94678
0.2	0.4527006	-1.769252	192.8526	14.88714
0.2	0.4527006	-1.764876	207.8205	15.41598
0.2	0.4527006	-1.760499	202.7821	15.24016
0.2	0.4527006	-1.756123	203.9103	15.27971
0.2	0.4527006	-1.751746	210.4359	15.50641
0.2	0.4527006	-1.747369	207.8397	15.41665
0.2	0.4527006	-1.742993	213.7051	15.61866
0.2	0.4527006	-1.738616	216.4295	15.71154
0.2	0.4527006	-1.734239	214.9551	15.66135
0.2	0.4527006	-1.729863	213.5192	15.6123
0.2	0.4527006	-1.725486	211.4744	15.54216
0.2	0.4527006	-1.721109	209.1026	15.46038
0.2	0.4527006	-1.716732	213.5449	15.61317
0.2	0.4527006	-1.712355	221.859	15.89493
0.2	0.4527006	-1.707979	225.4423	16.01474
0.2	0.4527006	-1.703602	217.7756	15.75722
0.2	0.4527006	-1.699225	218.8526	15.79367
0.2	0.4527006	-1.694848	223.4359	15.94777
0.2	0.4527006	-1.690471	225.0385	16.00128
0.2	0.4527006	-1.686094	228.6987	16.12279
0.2	0.4527006	-1.681717	231.1923	16.20501
0.2	0.4527006	-1.67734	226.4551	16.04843
0.2	0.4527006	-1.672963	246.1026	16.68766
0.2	0.4527006	-1.668586	234.7756	16.32239
0.2	0.4527006	-1.664209	242.0192	16.55697
0.2	0.4527006	-1.659832	241.5128	16.54068
0.2	0.4527006	-1.655455	237.9615	16.426
0.2	0.4527006	-1.651078	246.1795	16.69011
0.2	0.4527006	-1.646701	251.0641	16.845
0.2	0.4527006	-1.642324	255.6859	16.99018
0.2	0.4527006	-1.637947	247.4231	16.72969
0.2	0.4527006	-1.63357	242.1474	16.56109
0.2	0.4527006	-1.629192	241.641	16.54481
0.2	0.4527006	-1.624815	244.9359	16.65043
0.2	0.4527006	-1.620438	250.3141	16.82132
0.2	0.4527006	-1.616061	256.5192	17.01622
0.2	0.4527006	-1.611683	259.6282	17.11298
0.2	0.4527006	-1.607306	255.6154	16.98798
0.2	0.4527006	-1.602929	261.0577	17.15728
0.2	0.4527006	-1.598552	266.4872	17.32443
0.2	0.4527006	-1.594174	266.8141	17.33445
0.2	0.4527006	-1.589797	263.1282	17.22123
0.2	0.4527006	-1.58542	270.1026	17.4348
0.2	0.4527006	-1.581042	274.859	17.57887
0.2	0.4527006	-1.576665	272.3398	17.50272
0.2	0.4527006	-1.572287	282.0385	17.794
0.2	0.4527006	-1.56791	268.9167	17.39868
0.2	0.4527006	-1.563532	268.8974	17.39809
0.2	0.4527006	-1.559155	276.7436	17.63561
0.2	0.4527006	-1.554777	274.2885	17.56166
0.2	0.4527006	-1.5504	285.2308	17.88878
0.2	0.4527006	-1.546022	285.782	17.90509
0.2	0.4527006	-1.541645	297.9167	18.26026
0.2	0.4527006	-1.537267	306.4295	18.50513
0.2	0.4527006	-1.53289	309.2372	18.58514
0.2	0.4527006	-1.528512	308.9551	18.57712
0.2	0.4527006	-1.524135	309.141	18.58241
0.2	0.4527006	-1.519757	304.9359	18.46241
0.2	0.4527006	-1.515379	305.2692	18.47196
0.2	0.4527006	-1.511001	309.609	18.59571
0.2	0.4527006	-1.506624	314.4038	18.73144
0.2	0.4527006	-1.502246	319.7244	18.88084
0.2	0.4527006	-1.497868	318.2885	18.84064
0.2	0.4527006	-1.493491	321.9102	18.94186
0.2	0.4527006	-1.489113	314.2051	18.72583
0.2	0.4527006	-1.484735	331.1282	19.19693
0.2	0.4527006	-1.480357	333.9102	19.27321
0.2	0.4527006	-1.475979	339.609	19.42848
0.2	0.4527006	-1.471602	334.7115	19.29512
0.2	0.4527006	-1.467224	331.5769	19.20925
0.2	0.4527006	-1.462846	328.0064	19.11095
0.2	0.4527006	-1.458468	345.282	19.58177
0.2	0.4527006	-1.45409	353.9167	19.81267
0.2	0.4527006	-1.449712	345.5769	19.5897
0.2	0.4527006	-1.445334	347.6987	19.64668
0.2	0.4527006	-1.440956	348.891	19.67863
0.2	0.4527006	-1.436578	356.6346	19.88477
0.2	0.4527006	-1.4322	368.4872	20.19602
0.2	0.4527006	-1.427822	370.4551	20.24721
0.2	0.4527006	-1.423444	369.8718	20.23205
0.2	0.4527006	-1.419066	375.6667	20.38212
0.2	0.4527006	-1.414688	380.4231	20.50444
0.2	0.4527006	-1.41031	381.6026	20.53465
0.2	0.4527006	-1.405932	380.3462	20.50247
0.2	0.4527006	-1.401554	387	20.67232
0.2	0.4527006	-1.397176	398.968	20.97418
0.2	0.4527006	-1.392798	396.1346	20.90313
0.2	0.4527006	-1.38842	396.0513	20.90104
0.2	0.4527006	-1.384041	401.5705	21.03922
0.2	0.4527006	-1.379663	408.0449	21.20012
0.2	0.4527006	-1.375285	415.782	21.39073
0.2	0.4527006	-1.370907	424.891	21.61288
0.2	0.4527006	-1.366529	444.0513	22.07253
0.2	0.4527006	-1.36215	448.6282	22.18085
0.2	0.4527006	-1.357772	448.218	22.17116
0.2	0.4527006	-1.353394	438.6667	21.94437
0.2	0.4527006	-1.349015	441.4038	22.00961
0.2	0.4527006	-1.344637	445.1026	22.09745
0.2	0.4527006	-1.340259	466.7885	22.60529
0.2	0.4527006	-1.335881	469.8269	22.67549
0.2	0.4527006	-1.331502	477.5192	22.85221
0.2	0.4527006	-1.327124	466.1923	22.59149
0.2	0.4527006	-1.322745	467.859	22.63005
0.2	0.4527006	-1.318367	468.2692	22.63953
0.2	0.4527006	-1.313989	473.4744	22.75947
0.2	0.4527006	-1.30961	482.75	22.97157
0.2	0.4527006	-1.305232	494.9423	23.2473
0.2	0.4527006	-1.300853	506.3269	23.50171
0.2	0.4527006	-1.296475	512.3269	23.63464
0.2	0.4527006	-1.292096	508.6987	23.55435
0.2	0.4527006	-1.287718	509.5577	23.57339
0.2	0.4527006	-1.283339	521.3397	23.83286
0.2	0.4527006	-1.278961	532.5577	24.07721
0.2	0.4527006	-1.274582	535.8525	24.14849
0.2	0.4527006	-1.270204	555.8269	24.57598
0.2	0.4527006	-1.265825	554.6475	24.55095
0.2	0.4527006	-1.261446	568.5256	24.84377
0.2	0.4527006	-1.257068	573.0256	24.93795
0.2	0.4527006	-1.252689	565.9936	24.79062
0.2	0.4527006	-1.248311	590.8654	25.30772
0.2	0.4527006	-1.243932	590.3333	25.29678
0.2	0.4527006	-1.239553	582.5833	25.13676
0.2	0.4527006	-1.235175	597.3333	25.4404
0.2	0.4527006	-1.230796	591.282	25.31629
0.2	0.4527006	-1.226417	611.4039	25.72658
0.2	0.4527006	-1.222038	628.5513	26.07092
0.2	0.4527006	-1.21766	652.7564	26.5491
0.2	0.4527006	-1.213281	646.1411	26.4193
0.2	0.4527006	-1.208902	654.5833	26.58483
0.2	0.4527006	-1.204523	660.6859	26.70381
0.2	0.4527006	-1.200145	663.4744	26.758
0.2	0.4527006	-1.195766	666.3846	26.81443
0.2	0.4527006	-1.191387	684.4744	27.16246
0.2	0.4527006	-1.187008	695.3911	27.37027
0.2	0.4527006	-1.182629	705.9936	27.57054
0.2	0.4527006	-1.17825	725.4872	27.93487
0.2	0.4527006	-1.173871	732.7628	28.06959
0.2	0.4527006	-1.169492	733.0833	28.07551
0.2	0.4527006	-1.165114	751.3846	28.4114
0.2	0.4527006	-1.160735	744.7756	28.29058
0.2	0.4527006	-1.156356	761.25	28.59076
0.2	0.4527006	-1.151977	785.7949	29.03203
0.2	0.4527006	-1.147598	781.3397	28.95246
0.2	0.4527006	-1.143219	811.2756	29.4829
0.2	0.4527006	-1.13884	817.8205	29.59756
0.2	0.4527006	-1.134461	837.4103	29.93804
0.2	0.4527006	-1.130082	846.4872	30.09445
0.2	0.4527006	-1.125703	869.4551	30.48652
0.2	0.4527006	-1.121324	893.6411	30.89383
0.2	0.4527006	-1.116945	906.7949	31.11304
0.2	0.4527006	-1.112566	915.7115	31.26073
0.2	0.4527006	-1.108186	924.6346	31.4078
0.2	0.4527006	-1.103807	924.9551	31.41307
0.2	0.4527006	-1.099428	941.0577	31.67666
0.2	0.4527006	-1.095049	971.9487	32.17609
0.2	0.4527006	-1.09067	993.1539	32.51434
0.2	0.4527006	-1.086291	1011.41	32.80268
0.2	0.4527006	-1.081912	1027.423	33.05344
0.2	0.4527006	-1.077533	1043.468	33.30275
0.2	0.4527006	-1.073153	1066.481	33.65702
0.2	0.4527006	-1.068774	1086.596	33.96356
0.2	0.4527006	-1.064395	1109.263	34.3056
0.2	0.4527006	-1.060016	1130.455	34.62224
0.2	0.4527006	-1.055637	1156.705	35.01037
0.2	0.4527006	-1.051257	1170.827	35.21735
0.2	0.4527006	-1.046878	1215.429	35.86301
0.2	0.4527006	-1.042499	1225.532	36.0076
0.2	0.4527006	-1.038119	1255.679	36.43557
0.2	0.4527006	-1.03374	1281.904	36.80368
0.2	0.4527006	-1.029361	1323.308	37.3773
0.2	0.4527006	-1.024981	1356.474	37.83035
0.2	0.4527006	-1.020602	1368.795	37.99723
0.2	0.4527006	-1.016223	1384.263	38.20568
0.2	0.4527006	-1.011843	1422.513	38.71621
0.2	0.4527006	-1.007464	1462.853	39.24726
0.2	0.4527006	-1.003085	1478.096	39.44601
0.2	0.4527006	-0.9987053	1495.782	39.67534
0.2	0.4527006	-0.9943259	1536.686	40.20058
0.2	0.4527006	-0.9899465	1577.846	40.72211
0.2	0.4527006	-0.985567	1625.077	41.31224
0.2	0.4527006	-0.9811876	1669.609	41.86085
0.2	0.4527006	-0.9768082	1694.891	42.16906
0.2	0.4527006	-0.9724287	1743.038	42.74971
0.2	0.4527006	-0.9680492	1804.186	43.47571
0.2	0.4527006	-0.9636697	1854.391	44.06264
0.2	0.4527006	-0.9592903	1879.724	44.35579
0.2	0.4527006	-0.9549108	1922.968	44.85166
0.2	0.4527006	-0.9505312	1955.205	45.2177
0.2	0.4527006	-0.9461517	2012.641	45.86247
0.2	0.4527006	-0.9417722	2044.122	46.21196
0.2	0.4527006	-0.9373926	2106.654	46.8983
0.2	0.4527006	-0.933013	2176.006	47.64768
0.2	0.4527006	-0.9286335	2228.545	48.20747
0.2	0.4527006	-0.9242539	2312.622	49.08973
0.2	0.4527006	-0.9198743	2345.827	49.43374
0.2	0.4527006	-0.9154947	2417.583	50.16893
0.2	0.4527006	-0.9111151	2487.026	50.87009
0.2	0.4527006	-0.9067354	2556.006	51.55696
0.2	0.4527006	-0.9023558	2606.295	52.05188
0.2	0.4527006	-0.8979762	2691.814	52.88269
0.2	0.4527006	-0.8935965	2784.269	53.76617
0.2	0.4527006	-0.8892168	2854.128	54.42404
0.2	0.4527006	-0.8848372	2933.224	55.15925
0.2	0.4527006	-0.8804575	3018.09	55.93715
0.2	0.4527006	-0.8760777	3094.795	56.63088
0.2	0.4527006	-0.871698	3187.276	57.45596
0.2	0.4527006	-0.8673183	3263.16	58.12408
0.2	0.4527006	-0.8629386	3271.519	58.1972
0.2	0.4527006	-0.8585588	3332.147	58.72475
0.2	0.4527006	-0.8541791	3445.801	59.70095
0.2	0.4527006	-0.8497993	3631.615	61.26289
0.2	0.4527006	-0.8454195	3767.506	62.38002
0.2	0.4527006	-0.8410398	3894.942	63.40947
0.2	0.4527006	-0.83666	3987.904	64.14985
0.2	0.4527006	-0.8322802	4097.545	65.01207
0.2	0.4527006	-0.8279004	4197.667	65.78941
0.2	0.4527006	-0.8235205	4309.917	66.64996
0.2	0.4527006	-0.8191407	4467.891	67.84229
0.2	0.4527006	-0.8147609	4602.904	68.8447
0.2	0.4527006	-0.810381	4699.039	69.54953
0.2	0.4527006	-0.8060012	4824.077	70.45557
0.2	0.4527006	-0.8016213	4975.545	71.53754
0.2	0.4527006	-0.7972414	5124.808	72.58776
0.2	0.4527006	-0.7928615	5281.667	73.67508
0.2	0.4527006	-0.7884817	5463.09	74.91272
0.2	0.4527006	-0.7841017	5640.57	76.10373
0.2	0.4527006	-0.7797218	5805.096	77.19118
0.2	0.4527006	-0.7753419	6000.519	78.46302
0.2	0.4527006	-0.7709619	6182.539	79.62912
0.2	0.4527006	-0.766582	6339.609	80.62166
0.2	0.4527006	-0.7622021	6529.192	81.80342
0.2	0.4527006	-0.7578221	6718.43	82.96603
0.2	0.4527006	-0.7534422	6889.885	84.00533
0.2	0.4527006	-0.7490622	7113.885	85.34385
0.2	0.4527006	-0.7446822	7278.333	86.31315
0.2	0.4527006	-0.7403022	7537.237	87.81726
0.2	0.4527006	-0.7359222	7897.68	89.86889
0.2	0.4527006	-0.7315422	7965.994	90.25242
0.2	0.4527006	-0.7271621	8171.006	91.39362
0.2	0.4527006	-0.7227821	8486.359	93.12144
0.2	0.4527006	-0.7184021	8734.577	94.45896
0.2	0.4527006	-0.714022	8921.32	95.45274
0.2	0.4527006	-0.709642	9213.91	96.98911
0.2	0.4527006	-0.7052619	9461.205	98.26873
0.2	0.4527006	-0.7008818	9707.013	99.52418
0.2	0.4527006	-0.6965018	10001.04	101.0052
0.2	0.4527006	-0.6921217	10303.72	102.5073
0.2	0.4527006	-0.6877416	10565.34	103.7878
0.2	0.4527006	-0.6833615	10844.5	105.1369
0.2	0.4527006	-0.6789814	11206.29	106.8598
0.2	0.4527006	-0.6746013	11511	108.2893
0.2	0.4527006	-0.6702211	11775	109.5127
0.2	0.4527006	-0.665841	12149.92	111.2267
0.2	0.4527006	-0.6614609	12473.08	112.683
0.2	0.4527006	-0.6570807	12797.07	114.1241
0.2	0.4527006	-0.6527005	13150.03	115.6736
0.2	0.4527006	-0.6483204	13417.45	116.8337
0.2	0.4527006	-0.6439402	13818.07	118.5503
0.2	0.4527006	-0.63956	14085.21	119.6811
0.2	0.4527006	-0.6351798	14461.23	121.2549
0.2	0.4527006	-0.6307997	14863.83	122.9173
0.2	0.4527006	-0.6264194	15239.49	124.4483
0.2	0.4527006	-0.6220393	15625.92	126.0037
0.2	0.4527006	-0.617659	15957.49	127.323
0.2	0.4527006	-0.6132788	16333.01	128.8007
0.2	0.4527006	-0.6088986	16750.62	130.4242
0.2	0.4527006	-0.6045183	17178.87	132.0682
0.2	0.4527006	-0.6001381	17502.13	133.2956
0.2	0.4527006	-0.5957578	17856.67	134.6288
0.2	0.4527006	-0.5913776	18270.28	136.1676
0.2	0.4527006	-0.5869973	18655.72	137.586
0.2	0.4527006	-0.582617	19040.17	138.9861
0.2	0.4527006	-0.5782368	19450.65	140.4656
0.2	0.4527006	-0.5738565	19802.42	141.7211
0.2	0.4527006	-0.5694762	20202.31	143.1348
0.2	0.4527006	-0.5650958	20738.4	145.0083
0.2	0.4527006	-0.5607156	21251.03	146.7773
0.2	0.4527006	-0.5563352	21611.21	148.0075
0.2	0.4527006	-0.5519549	22053.87	149.5055
0.2	0.4527006	-0.5475746	22315.69	150.3844
0.2	0.4527006	-0.5431942	22572.56	151.2417
0.2	0.4527006	-0.5388139	23085.47	152.939
0.2	0.4527006	-0.5344335	23449.96	154.1338
0.2	0.4527006	-0.5300532	23852.35	155.442
0.2	0.4527006	-0.5256729	24312.17	156.9236
0.2	0.4527006	-0.5212925	24743.4	158.3003
0.2	0.4527006	-0.5169121	25208.08	159.7705
0.2	0.4527006	-0.5125318	25560.01	160.875
0.2	0.4527006	-0.5081514	25897.93	161.9283
0.2	0.4527006	-0.503771	26359.1	163.3549
0.2	0.4527006	-0.4993906	26571.4	164.0074
0.2	0.4527006	-0.4950102	27033.28	165.418
0.2	0.4527006	-0.4906298	27358.89	166.4052
0.2	0.4527006	-0.4862494	27612.53	167.1702
0.2	0.4527006	-0.481869	27790.98	167.7063
0.2	0.4527006	-0.4774885	28118.85	168.6868
0.2	0.4527006	-0.4731081	28523.89	169.8902
0.2	0.4527006	-0.4687276	28839.17	170.821
0.2	0.4527006	-0.4643472	29041.95	171.417
0.2	0.4527006	-0.4599668	29452.98	172.6187
0.2	0.4527006	-0.4555863	29647.28	173.1839
0.2	0.4527006	-0.4512059	29948.2	174.0555
0.2	0.4527006	-0.4468254	30325.38	175.1418
0.2	0.4527006	-0.442445	30590.38	175.901
0.2	0.4527006	-0.4380645	30837.88	176.6072
0.2	0.4527006	-0.433684	30779.49	176.4408
0.2	0.4527006	-0.4293035	30789.79	176.4702
0.2	0.4527006	-0.424923	30926.62	176.8596
0.2	0.4527006	-0.4205425	30936.15	176.8868
0.2	0.4527006	-0.416162	31043.17	177.1907
0.2	0.4527006	-0.4117815	31210.69	177.6655
0.2	0.4527006	-0.407401	31282.81	177.8695
0.2	0.4527006	-0.4030205	31392.21	178.1785
0.2	0.4527006	-0.39864	31197.35	177.6277
0.2	0.4527006	-0.3942595	31475.64	178.4138
0.2	0.4527006	-0.389879	31374.83	178.1294
0.2	0.4527006	-0.3854984	31381.13	178.1472
0.2	0.4527006	-0.3811179	31299.69	177.9172
0.2	0.4527006	-0.3767374	31007.89	177.0906
0.2	0.4527006	-0.3723568	31047.73	177.2037
0.2	0.4527006	-0.3679763	30848.91	176.6386
0.2	0.4527006	-0.3635957	30749.61	176.3557
0.2	0.4527006	-0.3592152	30423.04	175.422
0.2	0.4527006	-0.3548346	30209.87	174.8099
0.2	0.4527006	-0.350454	30030.46	174.293
0.2	0.4527006	-0.3460735	29850.42	173.7728
0.2	0.4527006	-0.3416929	29512.77	172.7928
0.2	0.4527006	-0.3373123	29237.23	171.989
0.2	0.4527006	-0.3329317	28919.88	171.0585
0.2	0.4527006	-0.3285511	28535.45	169.9244
0.2	0.4527006	-0.3241706	28174.14	168.8515
0.2	0.4527006	-0.31979	27816.19	167.7818
0.2	0.4527006	-0.3154094	27470.56	166.7425
0.2	0.4527006	-0.3110288	27157.82	165.7963
0.2	0.4527006	-0.3066482	26581.97	164.0398
0.2	0.4527006	-0.3022676	26124.9	162.632
0.2	0.4527006	-0.297887	25605.21	161.0163
0.2	0.4527006	-0.2935064	25241.55	159.8759
0.2	0.4527006	-0.2891257	24767.9	158.3782
0.2	0.4527006	-0.2847451	24216.23	156.6156
0.2	0.4527006	-0.2803645	23657.33	154.8094
0.2	0.4527006	-0.2759839	23045.58	152.8077
0.2	0.4527006	-0.2716032	22656.19	151.5197
0.2	0.4527006	-0.2672226	22169.24	149.8934
0.2	0.4527006	-0.262842	21477.52	147.5521
0.2	0.4527006	-0.2584613	20969.85	145.8097
0.2	0.4527006	-0.2540807	20345.24	143.6367
0.2	0.4527006	-0.2497	19806.44	141.7354
0.2	0.4527006	-0.2453194	19332.24	140.0404
0.2	0.4527006	-0.2409387	18693.96	137.7258
0.2	0.4527006	-0.2365581	18098.35	135.5301
0.2	0.4527006	-0.2321774	17556.9	133.5024
0.2	0.4527006	-0.2277968	16995.71	131.3676
0.2	0.4527006	-0.2234161	16433.35	129.1926
0.2	0.4527006	-0.2190354	15778.04	126.6107
0.2	0.4527006	-0.2146548	15246.61	124.4772
0.2	0.4527006	-0.2102741	14785.13	122.5941
0.2	0.4527006	-0.2058934	14170.97	120.0419
0.2	0.4527006	-0.2015128	13679.29	117.9585
0.2	0.4527006	-0.1971321	13185.09	115.8263
0.2	0.4527006	-0.1927514	12745.78	113.8972
0.2	0.4527006	-0.1883707	12192.23	111.4184
0.2	0.4527006	-0.18399	11594.65	108.6785
0.2	0.4527006	-0.1796093	11013.33	105.9444
0.2	0.4527006	-0.1752287	10510.04	103.5185
0.2	0.4527006	-0.170848	9970.27	100.8512
0.2	0.4527006	-0.1664673	9327.942	97.58128
0.2	0.4527006	-0.1620866	6843.724	83.72681
0.2	0.4527006	-0.1577059	2883.282	54.6962
0.2	0.4527006	-0.1533252	730.2372	28.0229
0.2	0.4527006	-0.1489445	480.9744	22.93113
0.2	0.4527006	-0.1445638	341.1154	19.46931
0.2	0.4527006	-0.1401831	212.7244	15.58507
0.2	0.4527006	-0.1358024	149.4295	13.22414
0.2	0.4527006	-0.1314217	124.2564	12.14704
0.2	0.4527006	-0.127041	101.5256	11.07599
0.2	0.4527006	-0.1226603	87.73718	10.36681
0.2	0.4527006	-0.1182795	77.44231	9.800131
0.2	0.4527006	-0.1138988	71.35256	9.447044
0.2	0.4527006	-0.1095181	65.67949	9.104288
0.2	0.4527006	-0.1051374	56.61538	8.52432
0.2	0.4527006	-0.1007567	50.42308	8.100921
0.2	0.4527006	-0.09637597	49.20513	8.014637
0.2	0.4527006	-0.09199525	47.24359	7.873397
0.2	0.4527006	-0.08761454	44.90385	7.701033
0.2	0.4527006	-0.08323381	45.21795	7.724429
0.2	0.4527006	-0.07885309	39.13462	7.255766
0.2	0.4527006	-0.07447237	35.22436	6.935011
0.2	0.4527006	-0.07009165	36.03205	7.00267
0.2	0.4527006	-0.06571092	34	6.830952
0.2	0.4527006	-0.0613302	31.98718	6.655721
0.2	0.4527006	-0.05694947	34.41026	6.866025
0.2	0.4527006	-0.05256874	33.67949	6.803403
0.2	0.4527006	-0.04818802	31.79487	6.638694
0.2	0.4527006	-0.04380729	30.82692	6.5522
0.2	0.4527006	-0.03942657	30.04487	6.48132
0.2	0.4527006	-0.03504584	29.90385	6.468441
0.2	0.4527006	-0.03066511	29.29487	6.412474
0.2	0.4527006	-0.02628438	29.23077	6.406549
0.2	0.4527006	-0.02190365	28.48077	6.336738
0.2	0.4527006	-0.01752292	30.8782	6.556816
0.2	0.4527006	-0.01314219	32.05128	6.661385
0.2	0.4527006	-0.00876146	30.70513	6.541221
0.2	0.4527006	-0.00438073	36.39743	7.033029
0.2	0.4527006	0	31.73718	6.633576
0.2	0.4527006	0.00438073	38.5	7.204837
0.2	0.4527006	0.00876146	39.8782	7.314919
0.2	0.4527006	0.01314219	38.8718	7.234725
0.2	0.4527006	0.01752292	39.32051	7.270607
0.2	0.4527006	0.02190365	52.9359	8.275706
0.2	0.4527006	0.02628438	50.59615	8.113097
0.2	0.4527006	0.03066511	52.57692	8.250995
0.2	0.4527006	0.03504584	59.78846	8.7323
0.2	0.4527006	0.03942657	68.23718	9.26058
0.2	0.4527006	0.04380729	80.60256	9.977893
0.2	0.4527006	0.04818802	108.0128	11.39292
0.2	0.4527006	0.05256874	162.8654	13.76187
0.2	0.4527006	0.05694947	310.9231	18.63301
0.2	0.4527006	0.0613302	1327.929	37.44077
0.2	0.4527006	0.06571092	2694.25	52.90617
0.2	0.4527006	0.07009165	3283.801	58.30446
0.2	0.4527006	0.07447237	3479.333	59.98587
0.2	0.4527006	0.07885309	3638.763	61.32216
0.2	0.4527006	0.08323381	3816.487	62.77773
0.2	0.4527006	0.08761454	3990.122	64.16741
0.2	0.4527006	0.09199525	4116.34	65.15871
0.2	0.4527006	0.09637597	4364.68	67.06572
0.2	0.4527006	0.1007567	4615.269	68.93578
0.2	0.4527006	0.1051374	4824.109	70.4558
0.2	0.4527006	0.1095181	5151.237	72.77212
0.2	0.4527006	0.1138988	5384.199	74.3771
0.2	0.4527006	0.1182795	5749.147	76.82314
0.2	0.4527006	0.1226603	5989.558	78.39223
0.2	0.4527006	0.127041	6326.744	80.54083
0.2	0.4527006	0.1314217	6635.372	82.45779
0.2	0.4527006	0.1358024	7009.622	84.72349
0.2	0.4527006	0.1401831	7336.333	86.6524
0.2	0.4527006	0.1445638	7688.635	88.68486
0.2	0.4527006	0.1489445	8100.006	91.00004
0.2	0.4527006	0.1533252	8546.667	93.44818
0.2	0.4527006	0.1577059	8996.109	95.84782
0.2	0.4527006	0.1620866	9515.93	98.54963
0.2	0.4527006	0.1664673	9885.788	100.4273
0.2	0.4527006	0.170848	10327.9	102.6263
0.2	0.4527006	0.1752287	10828.31	105.0592
0.2	0.4527006	0.1796093	11318.34	107.3877
0.2	0.4527006	0.18399	11798.54	109.6211
0.2	0.4527006	0.1883707	12279.1	111.8111
0.2	0.4527006	0.1927514	12814.76	114.2023
0.2	0.4527006	0.1971321	13382.04	116.6808
0.2	0.4527006	0.2015128	13920.15	118.9837
0.2	0.4527006	0.2058934	14542.72	121.5932
0.2	0.4527006	0.2102741	15145.09	124.0654
0.2	0.4527006	0.2146548	15583.66	125.8345
0.2	0.4527006	0.2190354	16166.84	128.1489
0.2	0.4527006	0.2234161	16718.08	130.2984
0.2	0.4527006	0.2277968	17199.47	132.1468
0.2	0.4527006	0.2321774	17897.72	134.7823
0.2	0.4527006	0.2365581	18436.54	136.7812
0.2	0.4527006	0.2409387	19167.21	139.4457
0.2	0.4527006	0.2453194	19808.79	141.7437
0.2	0.4527006	0.2497	20310.18	143.5138
0.2	0.4527006	0.2540807	20867.35	145.4554
0.2	0.4527006	0.2584613	21332.72	147.0572
0.2	0.4527006	0.262842	21779.77	148.5797
0.2	0.4527006	0.2672226	22498.51	150.995
0.2	0.4527006	0.2716032	22980.84	152.5943
0.2	0.4527006	0.2759839	23589.89	154.59
0.2	0.4527006	0.2803645	24167.94	156.4604
0.2	0.4527006	0.2847451	24674.15	158.0801
0.2	0.4527006	0.2891257	25202.86	159.7541
0.2	0.4527006	0.2935064	25670.43	161.2199
0.2	0.4527006	0.297887	26140.98	162.6817
0.2	0.4527006	0.3022676	26528.71	163.8764
0.2	0.4527006	0.3066482	27075.7	165.547
0.2	0.4527006	0.3110288	27573.74	167.0534
0.2	0.4527006	0.3154094	27956.87	168.2031
0.2	0.4527006	0.31979	28218.51	168.9837
0.2	0.4527006	0.3241706	28626.08	170.1924
0.2	0.4527006	0.3285511	28984.78	171.2492
0.2	0.4527006	0.3329317	29289.15	172.1407
0.2	0.4527006	0.3373123	29581.69	172.9933
0.2	0.4527006	0.3416929	30091.29	174.4684
0.2	0.4527006	0.3460735	30369.44	175.2683
0.2	0.4527006	0.350454	30529.29	175.7263
0.2	0.4527006	0.3548346	30568.56	175.8387
0.2	0.4527006	0.3592152	30916.34	176.8304
0.2	0.4527006	0.3635957	31089.81	177.323
0.2	0.4527006	0.3679763	31298.36	177.9134
0.2	0.4527006	0.3723568	31423.06	178.2655
0.2	0.4527006	0.3767374	31412.99	178.2371
0.2	0.4527006	0.3811179	31657.38	178.9252
0.2	0.4527006	0.3854984	31730.82	179.1315
0.2	0.4527006	0.389879	31995.3	179.8723
0.2	0.4527006	0.3942595	31838.78	179.4342
0.2	0.4527006	0.39864	32005.67	179.9013
0.2	0.4527006	0.4030205	31954.85	179.7592
0.2	0.4527006	0.407401	31758.42	179.2089
0.2	0.4527006	0.4117815	31752.42	179.1921
0.2	0.4527006	0.416162	31815.9	179.3701
0.2	0.4527006	0.4205425	31769.01	179.2386
0.2	0.4527006	0.424923	31494.17	178.466
0.2	0.4527006	0.4293035	31252.12	177.7827
0.2	0.4527006	0.433684	31452.21	178.3477
0.2	0.4527006	0.4380645	31277.01	177.8531
0.2	0.4527006	0.442445	30931.22	176.8727
0.2	0.4527006	0.4468254	30762.6	176.3927
0.2	0.4527006	0.4512059	30384.32	175.311
0.2	0.4527006	0.4555863	30184.81	174.7378
0.2	0.4527006	0.4599668	29966.09	174.1072
0.2	0.4527006	0.4643472	29677.79	173.2724
0.2	0.4527006	0.4687276	29331.08	172.2632
0.2	0.4527006	0.4731081	28914.6	171.0429
0.2	0.4527006	0.4774885	28720.17	170.4703
0.2	0.4527006	0.481869	28502.56	169.827
0.2	0.4527006	0.4862494	27907.26	168.0547
0.2	0.4527006	0.4906298	27530.69	166.9238
0.2	0.4527006	0.4950102	27320.99	166.2906
0.2	0.4527006	0.4993906	27145.22	165.7581
0.2	0.4527006	0.503771	26648.27	164.243
0.2	0.4527006	0.5081514	26393.15	163.4597
0.2	0.4527006	0.5125318	26057.91	162.4246
0.2	0.4527006	0.5169121	25628.95	161.0904
0.2	0.4527006	0.5212925	25106.67	159.4508
0.2	0.4527006	0.5256729	24741.88	158.2955
0.2	0.4527006	0.5300532	24371.19	157.1128
0.2	0.4527006	0.5344335	23922.27	155.6683
0.2	0.4527006	0.5388139	23489.39	154.2625
0.2	0.4527006	0.5431942	23089.7	152.9529
0.2	0.4527006	0.5475746	22674.04	151.579
0.2	0.4527006	0.5519549	22301.75	150.3377
0.2	0.4527006	0.5563352	22050.57	149.4943
0.2	0.4527006	0.5607156	21498.26	147.6228
0.2	0.4527006	0.5650958	20902.77	145.5779
0.2	0.4527006	0.5694762	20521.6	144.2536
0.2	0.4527006	0.5738565	20163.19	142.9972
0.2	0.4527006	0.5782368	19740.53	141.501
0.2	0.4527006	0.582617	19349.01	140.1007
0.2	0.4527006	0.5869973	18720.96	137.8245
0.2	0.4527006	0.5913776	18526.9	137.1136
0.2	0.4527006	0.5957578	18118.63	135.6055
0.2	0.4527006	0.6001381	17751.93	134.2364
0.2	0.4527006	0.6045183	17369.41	132.7931
0.2	0.4527006	0.6088986	17050.19	131.5764
0.2	0.4527006	0.6132788	16689.33	130.1872
0.2	0.4527006	0.617659	16236.81	128.4238
0.2	0.4527006	0.6220393	15935.56	127.2361
0.2	0.4527006	0.6264194	15520.53	125.5814
0.2	0.4527006	0.6307997	15122.33	123.9729
0.2	0.4527006	0.6351798	14821.19	122.7423
0.2	0.4527006	0.63956	14392.35	120.9681
0.2	0.4527006	0.6439402	14041.33	119.4961
0.2	0.4527006	0.6483204	13702.26	118.0567
0.2	0.4527006	0.6527005	13359.59	116.5837
0.2	0.4527006	0.6570807	13023.4	115.1201
0.2	0.4527006	0.6614609	12643.56	113.4436
0.2	0.4527006	0.665841	12380.02	112.2655
0.2	0.4527006	0.6702211	12048.06	110.7637
0.2	0.4527006	0.6746013	11686.12	109.1024
0.2	0.4527006	0.6789814	11441.35	107.9643
0.2	0.4527006	0.6833615	11172.13	106.6983
0.2	0.4527006	0.6877416	10846.28	105.1455
0.2	0.4527006	0.6921217	10431.4	103.1342
0.2	0.4527006	0.6965018	10142.94	101.7121
0.2	0.4527006	0.7008818	9915.757	100.5779
0.2	0.4527006	0.7052619	9672.66	99.34969
0.2	0.4527006	0.709642	9341.385	97.65084
0.2	0.4527006	0.714022	9157.173	96.69312
0.2	0.4527006	0.7184021	8869.763	95.17942
0.2	0.4527006	0.7227821	8632.622	93.9119
0.2	0.4527006	0.7271621	8355.186	92.40671
0.2	0.4527006	0.7315422	8126.372	91.14639
0.2	0.4527006	0.7359222	7901.199	89.88869
0.2	0.4527006	0.7403022	7607.917	88.22337
0.2	0.4527006	0.7446822	7487.211	87.52867
0.2	0.4527006	0.7490622	7283.776	86.34504
0.2	0.4527006	0.7534422	7097.506	85.2467
0.2	0.4527006	0.7578221	6922.699	84.20276
0.2	0.4527006	0.7622021	6661.436	82.61762
0.2	0.4527006	0.766582	6486.583	81.53933
0.2	0.4527006	0.7709619	6265.423	80.15443
0.2	0.4527006	0.7753419	6065.404	78.8807
0.2	0.4527006	0.7797218	5925.397	77.9766
0.2	0.4527006	0.7841017	5766.539	76.93773
0.2	0.4527006	0.7884817	5608.942	75.89288
0.2	0.4527006	0.7928615	5451.731	74.83584
0.2	0.4527006	0.7972414	5308.09	73.85664
0.2	0.4527006	0.8016213	5125.75	72.59435
0.2	0.4527006	0.8060012	4953.59	71.38174
0.2	0.4527006	0.810381	4827.865	70.48284
0.2	0.4527006	0.8147609	4706.064	69.60076
0.2	0.4527006	0.8191407	4518.372	68.21883
0.2	0.4527006	0.8235205	4399.846	67.33134
0.2	0.4527006	0.8279004	4287.539	66.4793
0.2	0.4527006	0.8322802	4170.731	65.58119
0.2	0.4527006	0.83666	4093.929	64.98383
0.2	0.4527006	0.8410398	3960.404	63.93174
0.2	0.4527006	0.8454195	3836.179	62.9369
0.2	0.4527006	0.8497993	3707.699	61.89088
0.2	0.4527006	0.8541791	3618.532	61.15424
0.2	0.4527006	0.8585588	3536.461	60.46815
0.2	0.4527006	0.8629386	3423.878	59.51392
0.2	0.4527006	0.8673183	3307.577	58.51154
0.2	0.4527006	0.871698	3217.455	57.72261
0.2	0.4527006	0.8760777	3131.66	56.96124
0.2	0.4527006	0.8804575	3048.461	56.21288
0.2	0.4527006	0.8848372	2973.237	55.5274
0.2	0.4527006	0.8892168	2906.41	54.91113
0.2	0.4527006	0.8935965	2839.609	54.28798
0.2	0.4527006	0.8979762	2745.865	53.401
0.2	0.4527006	0.9023558	2671.519	52.68674
0.2	0.4527006	0.9067354	2606.981	52.0586
0.2	0.4527006	0.9111151	2522.609	51.22558
0.2	0.4527006	0.9154947	2449.481	50.49223
0.2	0.4527006	0.9198743	2414.378	50.13632
0.2	0.4527006	0.9242539	2353.449	49.51236
0.2	0.4527006	0.9286335	2290.045	48.85441
0.2	0.4527006	0.933013	2217.346	48.08871
0.2	0.4527006	0.9373926	2148.289	47.34963
0.2	0.4527006	0.9417722	2108	46.91296
0.2	0.4527006	0.9461517	2094.494	46.76564
0.2	0.4527006	0.9505312	2014.59	45.88418
0.2	0.4527006	0.9549108	1990.128	45.61085
0.2	0.4527006	0.9592903	1938.481	45.02818
0.2	0.4527006	0.9636697	1849.058	44.00067
0.2	0.4527006	0.9680492	1816.147	43.61628
0.2	0.4527006	0.9724287	1801.34	43.44219
0.2	0.4527006	0.9768082	1750.474	42.83867
0.2	0.4527006	0.9811876	1713.109	42.38972
0.2	0.4527006	0.985567	1676.051	41.93961
0.2	0.4527006	0.9899465	1636.365	41.45201
0.2	0.4527006	0.9943259	1581.385	40.76663
0.2	0.4527006	0.9987053	1540.679	40.25149
0.2	0.4527006	1.003085	1500.635	39.73803
0.2	0.4527006	1.007464	1489.103	39.58889
0.2	0.4527006	1.011843	1475.526	39.41257
0.2	0.4527006	1.016223	1433.699	38.86422
0.2	0.4527006	1.020602	1403.776	38.467
0.2	0.4527006	1.024981	1356.051	37.8246
0.2	0.4527006	1.029361	1337.885	37.57711
0.2	0.4527006	1.03374	1314.032	37.24958
0.2	0.4527006	1.038119	1290.353	36.92148
0.2	0.4527006	1.042499	1252.628	36.39249
0.2	0.4527006	1.046878	1219.269	35.91804
0.2	0.4527006	1.051257	1200.276	35.64499
0.2	0.4527006	1.055637	1176.91	35.30613
0.2	0.4527006	1.060016	1147.519	34.87505
0.2	0.4527006	1.064395	1137	34.71943
0.2	0.4527006	1.068774	1127.346	34.57598
0.2	0.4527006	1.073153	1096.038	34.10647
0.2	0.4527006	1.077533	1079.417	33.85448
0.2	0.4527006	1.081912	1061.91	33.58696
0.2	0.4527006	1.086291	1031.603	33.11857
0.2	0.4527006	1.09067	1017.731	32.90189
0.2	0.4527006	1.095049	1006.57	32.72649
0.2	0.4527006	1.099428	983.5897	32.36224
0.2	0.4527006	1.103807	959.7564	31.97993
0.2	0.4527006	1.108186	955.7115	31.91459
0.2	0.4527006	1.112566	937.1603	31.61307
0.2	0.4527006	1.116945	925.968	31.42972
0.2	0.4527006	1.121324	907.2244	31.12016
0.2	0.4527006	1.125703	895.9551	30.93251
0.2	0.4527006	1.130082	873.0128	30.54679
0.2	0.4527006	1.134461	853.4295	30.21352
0.2	0.4527006	1.13884	848.5833	30.13045
0.2	0.4527006	1.143219	844.0961	30.05333
0.2	0.4527006	1.147598	822.2372	29.67468
0.2	0.4527006	1.151977	815.1795	29.55135
0.2	0.4527006	1.156356	781.5641	28.95647
0.2	0.4527006	1.160735	781	28.94638
0.2	0.4527006	1.165114	764.9808	28.65829
0.2	0.4527006	1.169492	764.3525	28.64693
0.2	0.4527006	1.173871	734.9295	28.10958
0.2	0.4527006	1.17825	727.468	27.97161
0.2	0.4527006	1.182629	740.6346	28.2146
0.2	0.4527006	1.187008	728.0128	27.98171
0.2	0.4527006	1.191387	710.4423	27.65412
0.2	0.4527006	1.195766	697.2756	27.40598
0.2	0.4527006	1.200145	699.4423	27.44697
0.2	0.4527006	1.204523	669.8654	26.88176
0.2	0.4527006	1.208902	661.7051	26.72363
0.2	0.4527006	1.213281	653.6411	26.5664
0.2	0.4527006	1.21766	649.2692	26.48076
0.2	0.4527006	1.222038	642.0577	26.33886
0.2	0.4527006	1.226417	638.75	26.2735
0.2	0.4527006	1.230796	613.1411	25.76168
0.2	0.4527006	1.235175	608.9103	25.67611
0.2	0.4527006	1.239553	611.5128	25.72878
0.2	0.4527006	1.243932	613.1411	25.76168
0.2	0.4527006	1.248311	599.7692	25.49019
0.2	0.4527006	1.252689	583.6282	25.1584
0.2	0.4527006	1.257068	582.8461	25.14221
0.2	0.4527006	1.261446	563.7244	24.74288
0.2	0.4527006	1.265825	550.5513	24.46383
0.2	0.4527006	1.270204	547.8269	24.4057
0.2	0.4527006	1.274582	540.6603	24.2521
0.2	0.4527006	1.278961	534.4936	24.11912
0.2	0.4527006	1.283339	533.4936	24.09748
0.2	0.4527006	1.287718	519.6731	23.79634
0.2	0.4527006	1.292096	525.2244	23.91777
0.2	0.4527006	1.296475	511.8718	23.62458
0.2	0.4527006	1.300853	507.3974	23.52548
0.2	0.4527006	1.305232	506.6026	23.50783
0.2	0.4527006	1.30961	509.6218	23.5748
0.2	0.4527006	1.313989	501.3141	23.39005
0.2	0.4527006	1.318367	487.5898	23.08143
0.2	0.4527006	1.322745	484.5128	23.01165
0.2	0.4527006	1.327124	481.1602	22.93537
0.2	0.4527006	1.331502	477.1218	22.84312
0.2	0.4527006	1.335881	466.9038	22.60796
0.2	0.4527006	1.340259	462.5128	22.50611
0.2	0.4527006	1.344637	462.4423	22.50447
0.2	0.4527006	1.349015	458.8013	22.41965
0.2	0.4527006	1.353394	460.359	22.45598
0.2	0.4527006	1.357772	455.6346	22.3456
0.2	0.4527006	1.36215	442.718	22.04086
0.2	0.4527006	1.366529	430.4744	21.74788
0.2	0.4527006	1.370907	436.8013	21.89979
0.2	0.4527006	1.375285	438.5833	21.94238
0.2	0.4527006	1.379663	431.9744	21.78399
0.2	0.4527006	1.384041	422.2885	21.54966
0.2	0.4527006	1.38842	427.2885	21.67096
0.2	0.4527006	1.392798	416.4551	21.40723
0.2	0.4527006	1.397176	400.9872	21.02466
0.2	0.4527006	1.401554	395.6218	20.89024
0.2	0.4527006	1.405932	394.9038	20.87219
0.2	0.4527006	1.41031	401.109	21.0277
0.2	0.4527006	1.414688	401.4231	21.03555
0.2	0.4527006	1.419066	393.6859	20.84152
0.2	0.4527006	1.423444	389.4872	20.73543
0.2	0.4527006	1.427822	378.9808	20.46743
0.2	0.4527006	1.4322	376.1667	20.39502
0.2	0.4527006	1.436578	372.0641	20.28896
0.2	0.4527006	1.440956	379.718	20.48635
0.2	0.4527006	1.445334	378.3398	20.45096
0.2	0.4527006	1.449712	371.859	20.28365
0.2	0.4527006	1.45409	366.2372	20.13732
0.2	0.4527006	1.458468	362.6154	20.04246
0.2	0.4527006	1.462846	360.7628	19.99376
0.2	0.4527006	1.467224	351.6026	19.75107
0.2	0.4527006	1.471602	351.9936	19.76149
0.2	0.4527006	1.475979	348.0705	19.65665
0.2	0.4527006	1.480357	339.4231	19.42344
0.2	0.4527006	1.484735	337.5192	19.3717
0.2	0.4527006	1.489113	340.8526	19.46219
0.2	0.4527006	1.493491	336.4102	19.34149
0.2	0.4527006	1.497868	330.6923	19.18495
0.2	0.4527006	1.502246	330.3846	19.17649
0.2	0.4527006	1.506624	331.2949	19.20151
0.2	0.4527006	1.511001	319.468	18.87367
0.2	0.4527006	1.515379	313.282	18.69978
0.2	0.4527006	1.519757	318.6026	18.84944
0.2	0.4527006	1.524135	313.4551	18.70466
0.2	0.4527006	1.528512	308.1602	18.55449
0.2	0.4527006	1.53289	303.4551	18.41996
0.2	0.4527006	1.537267	297.1602	18.23834
0.2	0.4527006	1.541645	287.1154	17.94448
0.2	0.4527006	1.546022	293.8013	18.14063
0.2	0.4527006	1.5504	300.2115	18.32661
0.2	0.4527006	1.554777	302.5577	18.39419
0.2	0.4527006	1.559155	282.2756	17.80106
0.2	0.4527006	1.563532	289.5064	18.01489
0.2	0.4527006	1.56791	291.8141	18.08257
0.2	0.4527006	1.572287	277.1731	17.64852
0.2	0.4527006	1.576665	272.8205	17.51728
0.2	0.4527006	1.581042	286.0577	17.91324
0.2	0.4527006	1.58542	277.6282	17.66218
0.2	0.4527006	1.589797	274.6731	17.57326
0.2	0.4527006	1.594174	272.3782	17.50389
0.2	0.4527006	1.598552	266.9038	17.33719
0.2	0.4527006	1.602929	260.2436	17.13207
0.2	0.4527006	1.607306	266.6667	17.32993
0.2	0.4527006	1.611683	277.0769	17.64563
0.2	0.4527006	1.616061	275.2115	17.5895
0.2	0.4527006	1.620438	267.5898	17.35817
0.2	0.4527006	1.624815	268.3974	17.38284
0.2	0.4527006	1.629192	272.2564	17.50019
0.2	0.4527006	1.63357	258.8205	17.0879
0.2	0.4527006	1.637947	249.7628	16.80389
0.2	0.4527006	1.642324	255.7628	16.99259
0.2	0.4527006	1.646701	254.6538	16.95788
0.2	0.4527006	1.651078	246.6538	16.70522
0.2	0.4527006	1.655455	245.9872	16.68398
0.2	0.4527006	1.659832	245.6987	16.67478
0.2	0.4527006	1.664209	239.5641	16.47786
0.2	0.4527006	1.668586	241.1731	16.52975
0.2	0.4527006	1.672963	239.7821	16.4849
0.2	0.4527006	1.67734	237.609	16.41457
0.2	0.4527006	1.681717	237.8974	16.42392
0.2	0.4527006	1.686094	239.7244	16.48303
0.2	0.4527006	1.690471	234.1346	16.30146
0.2	0.4527006	1.694848	233.9103	16.29412
0.2	0.4527006	1.699225	229.4038	16.14608
0.2	0.4527006	1.703602	227.6218	16.08714
0.2	0.4527006	1.707979	224.3269	15.97755
0.2	0.4527006	1.712355	218.5962	15.785
0.2	0.4527006	1.716732	218.0769	15.76743
0.2	0.4527006	1.721109	218.1346	15.76938
0.2	0.4527006	1.725486	215.9936	15.69672
0.2	0.4527006	1.729863	218.0449	15.76634
0.2	0.4527006	1.734239	220.2885	15.84212
0.2	0.4527006	1.738616	217.109	15.73462
0.2	0.4527006	1.742993	211.3077	15.53643
0.2	0.4527006	1.747369	207.7051	15.41198
0.2	0.4527006	1.751746	210.6026	15.51215
0.2	0.4527006	1.756123	210.3269	15.50265
0.2	0.4527006	1.760499	205.6474	15.34041
0.2	0.4527006	1.764876	203.5833	15.26826
0.2	0.4527006	1.769252	199.5256	15.12535
0.2	0.4527006	1.773629	202.3013	15.22327
0.2	0.4527006	1.778005	193.8269	14.92217
0.2	0.4527006	1.782382	197.891	15.06737
0.2	0.4527006	1.786758	197.1538	15.04115
0.2	0.4527006	1.791135	203.0256	15.24871
0.2	0.4527006	1.795511	203.0321	15.24893
0.2	0.4527006	1.799888	200.0641	15.1444
0.2	0.4527006	1.804264	193.6859	14.91711
0.2	0.4527006	1.808641	200.7564	15.16885
0.2	0.4527006	1.813017	195.3462	14.97663
0.2	0.4527006	1.817393	191.391	14.83441
0.2	0.4527006	1.82177	192.3654	14.86959
0.2	0.4527006	1.826146	191.0321	14.82143
0.2	0.4527006	1.830522	185.3013	14.61254
0.2	0.4527006	1.834898	131.3654	12.46147
0.2	0.4527006	1.839275	47.73718	7.90921
0.2	0.4527006	1.843651	1.25641	2.120897
0.2	0.4527006	1.848027	0	1
0.2	0.4527006	1.852403	0	1
0.2	0.4527006	1.856779	0	1
0.2	0.4527006	1.861155	0	1
0.2	0.4527006	1.865531	0	1
0.2	0.4527006	1.869908	0	1
0.2	0.4527006	1.874284	0	1
0.2	0.4527006	1.87866	0	1
0.2	0.4527006	1.883036	0	1
0.2	0.4527006	1.887412	0	1
0.2	0.4527006	1.891788	0	1
0.2	0.4527006	1.896164	0	1
0.2	0.4527006	1.90054	0	1
0.2	0.4527006	1.904915	0	1
0.2	0.4527006	1.909291	0	1
0.2	0.4527006	1.913667	0	1
0.2	0.4527006	1.918043	0	1
0.2	0.4527006	1.922419	0	1
0.2	0.4527006	1.926795	0	1
0.2	0.4527006	1.93117	0	1
0.2	0.4527006	1.935546	0	1
0.2	0.4527006	1.939922	0	1
0.2	0.4527006	1.944298	0	1
0.2	0.4527006	1.948673	0	1
0.2	0.4527006	1.953049	0	1
0.2	0.4527006	1.957424	0	1
0.2	0.4527006	1.9618	0	1
0.2	0.4527006	1.966176	0	1
0.2	0.4527006	1.970551	0	1
0.2	0.4527006	1.974927	0	1
0.2	0.4527006	1.979302	0	1
0.2	0.4527006	1.983678	0	1
0.2	0.4527006	1.988053	0	1
0.2	0.4527006	1.992429	0	1
0.2	0.4527006	1.996804	0	1
