  2.0000000e-001  5.3247270e+000  7.3000000e-001 -1.0300000e+002  1.1148890e+001
  2.0000000e-001  5.3159900e+000  7.3000000e-001 -1.0300000e+002  1.1148890e+001
  2.0000000e-001  5.3072520e+000  7.3000000e-001 -1.0300000e+002  1.1148890e+001
  2.0000000e-001  5.2985150e+000  7.3000000e-001 -1.0300000e+002  1.1148890e+001
  2.0000000e-001  5.2897770e+000  7.3000000e-001 -1.0300000e+002  1.1148890e+001
  2.0000000e-001  5.2810390e+000  7.3000000e-001 -1.0300000e+002  1.1148890e+001
  2.0000000e-001  5.2723010e+000  7.3000000e-001 -1.0300000e+002  1.1148890e+001
  2.0000000e-001  5.2635620e+000  7.3000000e-001 -1.0300000e+002  1.1148890e+001
  2.0000000e-001  5.2548230e+000  7.3000000e-001 -1.0300000e+002  1.1148890e+001
  2.0000000e-001  5.2460840e+000  7.3000000e-001 -1.0300000e+002  1.1148890e+001
  2.0000000e-001  5.2373440e+000  7.3000000e-001 -1.0300000e+002  1.1148890e+001
  2.0000000e-001  5.2286050e+000  7.3000000e-001 -1.0300000e+002  1.1148890e+001
  2.0000000e-001  5.2198650e+000  7.3000000e-001 -1.0300000e+002  1.1148890e+001
  2.0000000e-001  5.2111250e+000  7.3000000e-001 -1.0300000e+002  1.1148890e+001
  2.0000000e-001  5.2023840e+000  7.3000000e-001 -1.0300000e+002  1.1148890e+001
  2.0000000e-001  5.1936440e+000  7.3000000e-001 -1.0300000e+002  1.1148890e+001
  2.0000000e-001  5.1849030e+000  7.3000000e-001 -1.0300000e+002  1.1148890e+001
  2.0000000e-001  5.1761620e+000  7.3000000e-001 -1.0300000e+002  1.1148890e+001
  2.0000000e-001  5.1674200e+000  7.3000000e-001 -1.0300000e+002  1.1148890e+001
  2.0000000e-001  5.1586790e+000  7.3000000e-001 -1.0300000e+002  1.1148890e+001
  2.0000000e-001  5.1499370e+000  7.3000000e-001 -1.0300000e+002  1.1148890e+001
  2.0000000e-001  5.1411950e+000  7.3000000e-001 -1.0300000e+002  1.1148890e+001
  2.0000000e-001  5.1324520e+000  7.3000000e-001 -1.0300000e+002  1.1148890e+001
  2.0000000e-001  5.1237100e+000  7.3000000e-001 -1.0300000e+002  1.1148890e+001
  2.0000000e-001  5.1149670e+000  7.3000000e-001 -1.0300000e+002  1.1148890e+001
  2.0000000e-001  5.1062240e+000  7.3000000e-001 -1.0300000e+002  1.1148890e+001
  2.0000000e-001  5.0974800e+000  7.3000000e-001 -1.0300000e+002  1.1148890e+001
  2.0000000e-001  5.0887370e+000  7.3000000e-001 -1.0300000e+002  1.1148890e+001
  2.0000000e-001  5.0799930e+000  7.3000000e-001 -1.0300000e+002  1.1148890e+001
  2.0000000e-001  5.0712490e+000  7.3000000e-001 -1.0300000e+002  1.1148890e+001
  2.0000000e-001  5.0625040e+000  7.3000000e-001 -1.0300000e+002  1.1148890e+001
  2.0000000e-001  5.0537600e+000  7.3000000e-001 -1.0300000e+002  1.1148890e+001
  2.0000000e-001  5.0450140e+000  7.3000000e-001 -1.0300000e+002  1.1148890e+001
  2.0000000e-001  5.0362700e+000  7.3000000e-001 -1.0300000e+002  1.1148890e+001
  2.0000000e-001  5.0275240e+000  7.3000000e-001 -1.0300000e+002  1.1148890e+001
  2.0000000e-001  5.0187780e+000  7.3000000e-001 -1.0300000e+002  1.1148890e+001
  2.0000000e-001  5.0100330e+000  7.3000000e-001 -1.0300000e+002  1.1148890e+001
  2.0000000e-001  5.0012870e+000  7.3000000e-001 -1.0300000e+002  1.1148890e+001
  2.0000000e-001  4.9925400e+000  7.3000000e-001 -1.0300000e+002  1.1148890e+001
  2.0000000e-001  4.9837940e+000  7.3000000e-001 -1.0300000e+002  1.1148890e+001
  2.0000000e-001  4.9750470e+000  7.3000000e-001 -1.0300000e+002  1.1148890e+001
  2.0000000e-001  4.9663000e+000  7.3000000e-001 -1.0300000e+002  1.1148890e+001
  2.0000000e-001  4.9575520e+000  7.3000000e-001 -1.0300000e+002  1.1148890e+001
  2.0000000e-001  4.9488050e+000  7.3000000e-001 -1.0300000e+002  1.1148890e+001
  2.0000000e-001  4.9400570e+000  7.3000000e-001 -1.0300000e+002  1.1148890e+001
  2.0000000e-001  4.9313090e+000  7.3000000e-001 -1.0300000e+002  1.1148890e+001
  2.0000000e-001  4.9225610e+000  7.3000000e-001 -1.0299730e+002  1.1148760e+001
  2.0000000e-001  4.9138120e+000  7.3000000e-001 -1.0245190e+002  1.1121850e+001
  2.0000000e-001  4.9050640e+000  7.3000000e-001 -7.6110680e+001  9.7241430e+000
  2.0000000e-001  4.8963150e+000  7.3000000e-001 -3.7985730e+001  7.1632560e+000
  2.0000000e-001  4.8875650e+000  7.3000000e-001  9.9359680e+000  4.1521370e+000
  2.0000000e-001  4.8788160e+000  7.3000000e-001  5.3739650e+001  8.3307330e+000
  2.0000000e-001  4.8700660e+000  7.3000000e-001  7.8473140e+001  9.8585060e+000
  2.0000000e-001  4.8613160e+000  7.3000000e-001  1.1303580e+002  1.1631830e+001
  2.0000000e-001  4.8525660e+000  7.3000000e-001  1.3264490e+002  1.2517160e+001
  2.0000000e-001  4.8438160e+000  7.3000000e-001  1.2957720e+002  1.2383200e+001
  2.0000000e-001  4.8350650e+000  7.3000000e-001  1.3037770e+002  1.2418310e+001
  2.0000000e-001  4.8263140e+000  7.3000000e-001  1.3590450e+002  1.2657810e+001
  2.0000000e-001  4.8175630e+000  7.3000000e-001  1.2738560e+002  1.2286520e+001
  2.0000000e-001  4.8088120e+000  7.3000000e-001  1.3194080e+002  1.2486550e+001
  2.0000000e-001  4.8000600e+000  7.3000000e-001  1.3593250e+002  1.2659010e+001
  2.0000000e-001  4.7913080e+000  7.3000000e-001  1.3410730e+002  1.2580470e+001
  2.0000000e-001  4.7825470e+000  7.3000000e-001  1.3706750e+002  1.2707580e+001
  2.0000000e-001  4.7737950e+000  7.3000000e-001  1.3800910e+002  1.2747730e+001
  2.0000000e-001  4.7650430e+000  7.3000000e-001  1.3821380e+002  1.2756440e+001
  2.0000000e-001  4.7562900e+000  7.3000000e-001  1.3752900e+002  1.2727280e+001
  2.0000000e-001  4.7475370e+000  7.3000000e-001  1.3861280e+002  1.2773390e+001
  2.0000000e-001  4.7387840e+000  7.3000000e-001  1.4414630e+002  1.3006090e+001
  2.0000000e-001  4.7300300e+000  7.3000000e-001  1.4599550e+002  1.3082860e+001
  2.0000000e-001  4.7212760e+000  7.3000000e-001  1.4280490e+002  1.2950100e+001
  2.0000000e-001  4.7125230e+000  7.3000000e-001  1.4430610e+002  1.3012750e+001
  2.0000000e-001  4.7037680e+000  7.3000000e-001  1.4154360e+002  1.2897210e+001
  2.0000000e-001  4.6950140e+000  7.3000000e-001  1.4199210e+002  1.2916040e+001
  2.0000000e-001  4.6862590e+000  7.3000000e-001  1.4298600e+002  1.2957680e+001
  2.0000000e-001  4.6775050e+000  7.3000000e-001  1.3928340e+002  1.2801840e+001
  2.0000000e-001  4.6687500e+000  7.3000000e-001  1.3995440e+002  1.2830230e+001
  2.0000000e-001  4.6599940e+000  7.3000000e-001  1.4113380e+002  1.2879970e+001
  2.0000000e-001  4.6512390e+000  7.3000000e-001  1.4439850e+002  1.3016590e+001
  2.0000000e-001  4.6424830e+000  7.3000000e-001  1.4244820e+002  1.2935160e+001
  2.0000000e-001  4.6337270e+000  7.3000000e-001  1.4348140e+002  1.2978370e+001
  2.0000000e-001  4.6249710e+000  7.3000000e-001  1.4545400e+002  1.3060430e+001
  2.0000000e-001  4.6162150e+000  7.3000000e-001  1.4828620e+002  1.3177280e+001
  2.0000000e-001  4.6074580e+000  7.3000000e-001  1.5312100e+002  1.3374210e+001
  2.0000000e-001  4.5987010e+000  7.3000000e-001  1.5479720e+002  1.3441750e+001
  2.0000000e-001  4.5899440e+000  7.3000000e-001  1.5349150e+002  1.3389170e+001
  2.0000000e-001  4.5811870e+000  7.3000000e-001  1.5367040e+002  1.3396390e+001
  2.0000000e-001  4.5724290e+000  7.3000000e-001  1.5306720e+002  1.3372030e+001
  2.0000000e-001  4.5636710e+000  7.3000000e-001  1.4915120e+002  1.3212750e+001
  2.0000000e-001  4.5549140e+000  7.3000000e-001  1.4746920e+002  1.3143690e+001
  2.0000000e-001  4.5461550e+000  7.3000000e-001  1.5450810e+002  1.3430130e+001
  2.0000000e-001  4.5373970e+000  7.3000000e-001  1.4822980e+002  1.3174970e+001
  2.0000000e-001  4.5286380e+000  7.3000000e-001  1.5125510e+002  1.3298580e+001
  2.0000000e-001  4.5198790e+000  7.3000000e-001  1.4803440e+002  1.3166940e+001
  2.0000000e-001  4.5111200e+000  7.3000000e-001  1.5181750e+002  1.3321430e+001
  2.0000000e-001  4.5023610e+000  7.3000000e-001  1.4768790e+002  1.3152690e+001
  2.0000000e-001  4.4936010e+000  7.3000000e-001  1.4957740e+002  1.3230190e+001
  2.0000000e-001  4.4848410e+000  7.3000000e-001  1.4707320e+002  1.3127370e+001
  2.0000000e-001  4.4760810e+000  7.3000000e-001  1.4891170e+002  1.3202940e+001
  2.0000000e-001  4.4673210e+000  7.3000000e-001  1.4533450e+002  1.3055470e+001
  2.0000000e-001  4.4585610e+000  7.3000000e-001  1.5487150e+002  1.3444740e+001
  2.0000000e-001  4.4498000e+000  7.3000000e-001  1.4835320e+002  1.3180030e+001
  2.0000000e-001  4.4410400e+000  7.3000000e-001  1.5316070e+002  1.3375810e+001
  2.0000000e-001  4.4322780e+000  7.3000000e-001  1.5739660e+002  1.3545780e+001
  2.0000000e-001  4.4235170e+000  7.3000000e-001  1.5498550e+002  1.3449320e+001
  2.0000000e-001  4.4147550e+000  7.3000000e-001  1.6131680e+002  1.3701060e+001
  2.0000000e-001  4.4059940e+000  7.3000000e-001  1.5741440e+002  1.3546490e+001
  2.0000000e-001  4.3972320e+000  7.3000000e-001  1.5092210e+002  1.3285030e+001
  2.0000000e-001  4.3884700e+000  7.3000000e-001  1.5033730e+002  1.3261210e+001
  2.0000000e-001  4.3797070e+000  7.3000000e-001  1.5662500e+002  1.3514990e+001
  2.0000000e-001  4.3709450e+000  7.3000000e-001  1.5443750e+002  1.3427290e+001
  2.0000000e-001  4.3621820e+000  7.3000000e-001  1.5444760e+002  1.3427700e+001
  2.0000000e-001  4.3534190e+000  7.3000000e-001  1.5555610e+002  1.3472210e+001
  2.0000000e-001  4.3446560e+000  7.3000000e-001  1.6308380e+002  1.3770430e+001
  2.0000000e-001  4.3358920e+000  7.3000000e-001  1.6092610e+002  1.3685670e+001
  2.0000000e-001  4.3271290e+000  7.3000000e-001  1.5485150e+002  1.3443930e+001
  2.0000000e-001  4.3183650e+000  7.3000000e-001  1.5748440e+002  1.3549280e+001
  2.0000000e-001  4.3096010e+000  7.3000000e-001  1.6371960e+002  1.3795290e+001
  2.0000000e-001  4.3008370e+000  7.3000000e-001  1.5944000e+002  1.3626960e+001
  2.0000000e-001  4.2920720e+000  7.3000000e-001  1.5418200e+002  1.3417000e+001
  2.0000000e-001  4.2833080e+000  7.3000000e-001  1.5359300e+002  1.3393260e+001
  2.0000000e-001  4.2745420e+000  7.3000000e-001  1.5150030e+002  1.3308550e+001
  2.0000000e-001  4.2657770e+000  7.3000000e-001  1.5697460e+002  1.3528950e+001
  2.0000000e-001  4.2570120e+000  7.3000000e-001  1.6467540e+002  1.3832590e+001
  2.0000000e-001  4.2482470e+000  7.3000000e-001  1.6486960e+002  1.3840160e+001
  2.0000000e-001  4.2394800e+000  7.3000000e-001  1.6141340e+002  1.3704860e+001
  2.0000000e-001  4.2307150e+000  7.3000000e-001  1.5854390e+002  1.3591420e+001
  2.0000000e-001  4.2219490e+000  7.3000000e-001  1.5773260e+002  1.3559170e+001
  2.0000000e-001  4.2131820e+000  7.3000000e-001  1.5400430e+002  1.3409850e+001
  2.0000000e-001  4.2044160e+000  7.3000000e-001  1.6247200e+002  1.3746450e+001
  2.0000000e-001  4.1956490e+000  7.3000000e-001  1.6099460e+002  1.3688360e+001
  2.0000000e-001  4.1868820e+000  7.3000000e-001  1.6262630e+002  1.3752500e+001
  2.0000000e-001  4.1781140e+000  7.3000000e-001  1.6246720e+002  1.3746260e+001
  2.0000000e-001  4.1693470e+000  7.3000000e-001  1.6216580e+002  1.3734430e+001
  2.0000000e-001  4.1605800e+000  7.3000000e-001  1.6557690e+002  1.3867670e+001
  2.0000000e-001  4.1518120e+000  7.3000000e-001  1.6973650e+002  1.4028290e+001
  2.0000000e-001  4.1430440e+000  7.3000000e-001  1.7302780e+002  1.4154000e+001
  2.0000000e-001  4.1342750e+000  7.3000000e-001  1.7301060e+002  1.4153350e+001
  2.0000000e-001  4.1255070e+000  7.3000000e-001  1.7737270e+002  1.4318130e+001
  2.0000000e-001  4.1167380e+000  7.3000000e-001  1.7229180e+002  1.4126000e+001
  2.0000000e-001  4.1079700e+000  7.3000000e-001  1.6792210e+002  1.3958480e+001
  2.0000000e-001  4.0992010e+000  7.3000000e-001  1.7113920e+002  1.4082020e+001
  2.0000000e-001  4.0904310e+000  7.3000000e-001  1.7881210e+002  1.4372060e+001
  2.0000000e-001  4.0816620e+000  7.3000000e-001  1.7608010e+002  1.4269520e+001
  2.0000000e-001  4.0728920e+000  7.3000000e-001  1.7021630e+002  1.4046700e+001
  2.0000000e-001  4.0641230e+000  7.3000000e-001  1.7801570e+002  1.4342250e+001
  2.0000000e-001  4.0553530e+000  7.3000000e-001  1.7919030e+002  1.4386200e+001
  2.0000000e-001  4.0465820e+000  7.3000000e-001  1.7467900e+002  1.4216620e+001
  2.0000000e-001  4.0378120e+000  7.3000000e-001  1.7651920e+002  1.4286050e+001
  2.0000000e-001  4.0290410e+000  7.3000000e-001  1.7375810e+002  1.4181730e+001
  2.0000000e-001  4.0202700e+000  7.3000000e-001  1.7394580e+002  1.4188850e+001
  2.0000000e-001  4.0114990e+000  7.3000000e-001  1.7743700e+002  1.4320550e+001
  2.0000000e-001  4.0027280e+000  7.3000000e-001  1.7297310e+002  1.4151930e+001
  2.0000000e-001  3.9939570e+000  7.3000000e-001  1.8088620e+002  1.4449390e+001
  2.0000000e-001  3.9851850e+000  7.3000000e-001  1.7556870e+002  1.4250230e+001
  2.0000000e-001  3.9764130e+000  7.3000000e-001  1.7175980e+002  1.4105720e+001
  2.0000000e-001  3.9676410e+000  7.3000000e-001  1.7685620e+002  1.4298730e+001
  2.0000000e-001  3.9588690e+000  7.3000000e-001  1.7946210e+002  1.4396350e+001
  2.0000000e-001  3.9500970e+000  7.3000000e-001  1.7932570e+002  1.4391250e+001
  2.0000000e-001  3.9413240e+000  7.3000000e-001  1.7961680e+002  1.4402120e+001
  2.0000000e-001  3.9325510e+000  7.3000000e-001  1.7985430e+002  1.4410980e+001
  2.0000000e-001  3.9237780e+000  7.3000000e-001  1.8511970e+002  1.4605870e+001
  2.0000000e-001  3.9150050e+000  7.3000000e-001  1.8958190e+002  1.4768880e+001
  2.0000000e-001  3.9062320e+000  7.3000000e-001  1.8670120e+002  1.4663870e+001
  2.0000000e-001  3.8974580e+000  7.3000000e-001  1.8098230e+002  1.4452970e+001
  2.0000000e-001  3.8886840e+000  7.3000000e-001  1.8548400e+002  1.4619250e+001
  2.0000000e-001  3.8799100e+000  7.3000000e-001  1.8332890e+002  1.4539900e+001
  2.0000000e-001  3.8711360e+000  7.3000000e-001  1.8246710e+002  1.4508040e+001
  2.0000000e-001  3.8623620e+000  7.3000000e-001  1.8143860e+002  1.4469910e+001
  2.0000000e-001  3.8535870e+000  7.3000000e-001  1.8302050e+002  1.4528510e+001
  2.0000000e-001  3.8448130e+000  7.3000000e-001  1.8547650e+002  1.4618980e+001
  2.0000000e-001  3.8360380e+000  7.3000000e-001  1.8714820e+002  1.4680210e+001
  2.0000000e-001  3.8272630e+000  7.3000000e-001  1.8917600e+002  1.4754130e+001
  2.0000000e-001  3.8184870e+000  7.3000000e-001  1.8845630e+002  1.4727940e+001
  2.0000000e-001  3.8097120e+000  7.3000000e-001  1.8787310e+002  1.4706680e+001
  2.0000000e-001  3.8009360e+000  7.3000000e-001  1.8687950e+002  1.4670390e+001
  2.0000000e-001  3.7921600e+000  7.3000000e-001  1.8325600e+002  1.4537210e+001
  2.0000000e-001  3.7833840e+000  7.3000000e-001  1.8477970e+002  1.4593370e+001
  2.0000000e-001  3.7746080e+000  7.3000000e-001  1.8685930e+002  1.4669650e+001
  2.0000000e-001  3.7658310e+000  7.3000000e-001  1.8792770e+002  1.4708670e+001
  2.0000000e-001  3.7570550e+000  7.3000000e-001  1.8766160e+002  1.4698960e+001
  2.0000000e-001  3.7482780e+000  7.3000000e-001  1.8582730e+002  1.4631850e+001
  2.0000000e-001  3.7395010e+000  7.3000000e-001  1.8798000e+002  1.4710580e+001
  2.0000000e-001  3.7307240e+000  7.3000000e-001  1.9072320e+002  1.4810260e+001
  2.0000000e-001  3.7219470e+000  7.3000000e-001  1.9055880e+002  1.4804300e+001
  2.0000000e-001  3.7131690e+000  7.3000000e-001  1.9090040e+002  1.4816670e+001
  2.0000000e-001  3.7043910e+000  7.3000000e-001  1.8916510e+002  1.4753730e+001
  2.0000000e-001  3.6956140e+000  7.3000000e-001  1.9146640e+002  1.4837140e+001
  2.0000000e-001  3.6868360e+000  7.3000000e-001  1.9020310e+002  1.4791410e+001
  2.0000000e-001  3.6780570e+000  7.3000000e-001  1.9524990e+002  1.4973190e+001
  2.0000000e-001  3.6692790e+000  7.3000000e-001  1.9363800e+002  1.4915390e+001
  2.0000000e-001  3.6605000e+000  7.3000000e-001  1.9455960e+002  1.4948460e+001
  2.0000000e-001  3.6517210e+000  7.3000000e-001  1.9348360e+002  1.4909840e+001
  2.0000000e-001  3.6429420e+000  7.3000000e-001  1.9836320e+002  1.5084150e+001
  2.0000000e-001  3.6341630e+000  7.3000000e-001  2.0313530e+002  1.5252550e+001
  2.0000000e-001  3.6253840e+000  7.3000000e-001  2.0679740e+002  1.5380450e+001
  2.0000000e-001  3.6166040e+000  7.3000000e-001  2.1005150e+002  1.5493150e+001
  2.0000000e-001  3.6078250e+000  7.3000000e-001  2.0854470e+002  1.5441080e+001
  2.0000000e-001  3.5990450e+000  7.3000000e-001  2.0437590e+002  1.5296010e+001
  2.0000000e-001  3.5902650e+000  7.3000000e-001  2.0815940e+002  1.5427730e+001
  2.0000000e-001  3.5814840e+000  7.3000000e-001  2.1184700e+002  1.5554970e+001
  2.0000000e-001  3.5727040e+000  7.3000000e-001  2.0804620e+002  1.5423810e+001
  2.0000000e-001  3.5639230e+000  7.3000000e-001  2.0573050e+002  1.5343310e+001
  2.0000000e-001  3.5551430e+000  7.3000000e-001  2.0787990e+002  1.5418040e+001
  2.0000000e-001  3.5463620e+000  7.3000000e-001  2.0967500e+002  1.5480160e+001
  2.0000000e-001  3.5375800e+000  7.3000000e-001  2.1113690e+002  1.5530550e+001
  2.0000000e-001  3.5287990e+000  7.3000000e-001  2.1462500e+002  1.5650090e+001
  2.0000000e-001  3.5200180e+000  7.3000000e-001  2.1337500e+002  1.5607360e+001
  2.0000000e-001  3.5112360e+000  7.3000000e-001  2.0488050e+002  1.5313650e+001
  2.0000000e-001  3.5024540e+000  7.3000000e-001  2.0507590e+002  1.5320470e+001
  2.0000000e-001  3.4936720e+000  7.3000000e-001  2.1189090e+002  1.5556470e+001
  2.0000000e-001  3.4848900e+000  7.3000000e-001  2.1202280e+002  1.5561000e+001
  2.0000000e-001  3.4761080e+000  7.3000000e-001  2.1074720e+002  1.5517130e+001
  2.0000000e-001  3.4673250e+000  7.3000000e-001  2.1379720e+002  1.5621810e+001
  2.0000000e-001  3.4585430e+000  7.3000000e-001  2.1335210e+002  1.5606580e+001
  2.0000000e-001  3.4497600e+000  7.3000000e-001  2.1589490e+002  1.5693360e+001
  2.0000000e-001  3.4409770e+000  7.3000000e-001  2.1522450e+002  1.5670530e+001
  2.0000000e-001  3.4321930e+000  7.3000000e-001  2.2324130e+002  1.5941260e+001
  2.0000000e-001  3.4234100e+000  7.3000000e-001  2.1918090e+002  1.5804760e+001
  2.0000000e-001  3.4146260e+000  7.3000000e-001  2.1678490e+002  1.5723620e+001
  2.0000000e-001  3.4058430e+000  7.3000000e-001  2.1976800e+002  1.5824580e+001
  2.0000000e-001  3.3970590e+000  7.3000000e-001  2.2362510e+002  1.5954100e+001
  2.0000000e-001  3.3882750e+000  7.3000000e-001  2.1348440e+002  1.5611100e+001
  2.0000000e-001  3.3794900e+000  7.3000000e-001  2.1651520e+002  1.5714460e+001
  2.0000000e-001  3.3707060e+000  7.3000000e-001  2.1877980e+002  1.5791210e+001
  2.0000000e-001  3.3619220e+000  7.3000000e-001  2.1635950e+002  1.5709160e+001
  2.0000000e-001  3.3531370e+000  7.3000000e-001  2.1245710e+002  1.5575910e+001
  2.0000000e-001  3.3443430e+000  7.3000000e-001  2.1485600e+002  1.5657970e+001
  2.0000000e-001  3.3355580e+000  7.3000000e-001  2.2319050e+002  1.5939560e+001
  2.0000000e-001  3.3267730e+000  7.3000000e-001  2.2695880e+002  1.6065150e+001
  2.0000000e-001  3.3179870e+000  7.3000000e-001  2.2419850e+002  1.5973260e+001
  2.0000000e-001  3.3092020e+000  7.3000000e-001  2.2793200e+002  1.6097420e+001
  2.0000000e-001  3.3004160e+000  7.3000000e-001  2.2283990e+002  1.5927820e+001
  2.0000000e-001  3.2916300e+000  7.3000000e-001  2.2538980e+002  1.6012990e+001
  2.0000000e-001  3.2828440e+000  7.3000000e-001  2.2594500e+002  1.6031470e+001
  2.0000000e-001  3.2740580e+000  7.3000000e-001  2.3027820e+002  1.6174920e+001
  2.0000000e-001  3.2652710e+000  7.3000000e-001  2.2629450e+002  1.6043090e+001
  2.0000000e-001  3.2564850e+000  7.3000000e-001  2.3012220e+002  1.6169780e+001
  2.0000000e-001  3.2476980e+000  7.3000000e-001  2.3459540e+002  1.6316510e+001
  2.0000000e-001  3.2389110e+000  7.3000000e-001  2.4099330e+002  1.6523960e+001
  2.0000000e-001  3.2301240e+000  7.3000000e-001  2.4404850e+002  1.6622050e+001
  2.0000000e-001  3.2213370e+000  7.3000000e-001  2.4030420e+002  1.6501750e+001
  2.0000000e-001  3.2125500e+000  7.3000000e-001  2.3371540e+002  1.6287750e+001
  2.0000000e-001  3.2037620e+000  7.3000000e-001  2.4013350e+002  1.6496240e+001
  2.0000000e-001  3.1949740e+000  7.3000000e-001  2.3354390e+002  1.6282140e+001
  2.0000000e-001  3.1861870e+000  7.3000000e-001  2.3901830e+002  1.6460220e+001
  2.0000000e-001  3.1773990e+000  7.3000000e-001  2.4990810e+002  1.6808480e+001
  2.0000000e-001  3.1686110e+000  7.3000000e-001  2.4712410e+002  1.6720180e+001
  2.0000000e-001  3.1598220e+000  7.3000000e-001  2.4986120e+002  1.6807000e+001
  2.0000000e-001  3.1510340e+000  7.3000000e-001  2.4523060e+002  1.6659840e+001
  2.0000000e-001  3.1422450e+000  7.3000000e-001  2.4282480e+002  1.6582840e+001
  2.0000000e-001  3.1334560e+000  7.3000000e-001  2.4387720e+002  1.6616570e+001
  2.0000000e-001  3.1246670e+000  7.3000000e-001  2.3798990e+002  1.6426920e+001
  2.0000000e-001  3.1158780e+000  7.3000000e-001  2.4548710e+002  1.6668030e+001
  2.0000000e-001  3.1070890e+000  7.3000000e-001  2.5096420e+002  1.6841850e+001
  2.0000000e-001  3.0983000e+000  7.3000000e-001  2.4771040e+002  1.6738820e+001
  2.0000000e-001  3.0895100e+000  7.3000000e-001  2.5266620e+002  1.6895480e+001
  2.0000000e-001  3.0807200e+000  7.3000000e-001  2.4539000e+002  1.6664930e+001
  2.0000000e-001  3.0719300e+000  7.3000000e-001  2.4511410e+002  1.6656120e+001
  2.0000000e-001  3.0631400e+000  7.3000000e-001  2.5524510e+002  1.6976390e+001
  2.0000000e-001  3.0543500e+000  7.3000000e-001  2.5006920e+002  1.6813580e+001
  2.0000000e-001  3.0455600e+000  7.3000000e-001  2.5367220e+002  1.6927090e+001
  2.0000000e-001  3.0367690e+000  7.3000000e-001  2.5323130e+002  1.6913240e+001
  2.0000000e-001  3.0279790e+000  7.3000000e-001  2.4604740e+002  1.6685900e+001
  2.0000000e-001  3.0191880e+000  7.3000000e-001  2.5024610e+002  1.6819170e+001
  2.0000000e-001  3.0103970e+000  7.3000000e-001  2.3993270e+002  1.6489760e+001
  2.0000000e-001  3.0016060e+000  7.3000000e-001  2.4668170e+002  1.6706100e+001
  2.0000000e-001  2.9928140e+000  7.3000000e-001  2.5508360e+002  1.6971340e+001
  2.0000000e-001  2.9840230e+000  7.3000000e-001  2.5846910e+002  1.7076970e+001
  2.0000000e-001  2.9752310e+000  7.3000000e-001  2.4363560e+002  1.6608830e+001
  2.0000000e-001  2.9664400e+000  7.3000000e-001  2.5817360e+002  1.7067780e+001
  2.0000000e-001  2.9576480e+000  7.3000000e-001  2.5690770e+002  1.7028340e+001
  2.0000000e-001  2.9488560e+000  7.3000000e-001  2.6066430e+002  1.7145100e+001
  2.0000000e-001  2.9400640e+000  7.3000000e-001  2.5964100e+002  1.7113380e+001
  2.0000000e-001  2.9312710e+000  7.3000000e-001  2.5392180e+002  1.6934930e+001
  2.0000000e-001  2.9224790e+000  7.3000000e-001  2.6464610e+002  1.7267950e+001
  2.0000000e-001  2.9136860e+000  7.3000000e-001  2.5802010e+002  1.7063000e+001
  2.0000000e-001  2.9048940e+000  7.3000000e-001  2.6031830e+002  1.7134380e+001
  2.0000000e-001  2.8961010e+000  7.3000000e-001  2.6352880e+002  1.7233570e+001
  2.0000000e-001  2.8873080e+000  7.3000000e-001  2.6358650e+002  1.7235350e+001
  2.0000000e-001  2.8785150e+000  7.3000000e-001  2.5925560e+002  1.7101410e+001
  2.0000000e-001  2.8697210e+000  7.3000000e-001  2.7354480e+002  1.7539190e+001
  2.0000000e-001  2.8609280e+000  7.3000000e-001  2.7564340e+002  1.7602510e+001
  2.0000000e-001  2.8521340e+000  7.3000000e-001  2.7181000e+002  1.7486660e+001
  2.0000000e-001  2.8433400e+000  7.3000000e-001  2.7007750e+002  1.7434040e+001
  2.0000000e-001  2.8345460e+000  7.3000000e-001  2.6825940e+002  1.7378630e+001
  2.0000000e-001  2.8257520e+000  7.3000000e-001  2.7759050e+002  1.7661050e+001
  2.0000000e-001  2.8169580e+000  7.3000000e-001  2.7727650e+002  1.7651620e+001
  2.0000000e-001  2.8081640e+000  7.3000000e-001  2.8133040e+002  1.7772910e+001
  2.0000000e-001  2.7993690e+000  7.3000000e-001  2.8306780e+002  1.7824620e+001
  2.0000000e-001  2.7905750e+000  7.3000000e-001  2.9050150e+002  1.8044100e+001
  2.0000000e-001  2.7817800e+000  7.3000000e-001  2.8514550e+002  1.7886250e+001
  2.0000000e-001  2.7729850e+000  7.3000000e-001  2.7847720e+002  1.7687640e+001
  2.0000000e-001  2.7641900e+000  7.3000000e-001  2.7968560e+002  1.7723800e+001
  2.0000000e-001  2.7553950e+000  7.3000000e-001  2.8342240e+002  1.7835150e+001
  2.0000000e-001  2.7465990e+000  7.3000000e-001  2.7739980e+002  1.7655320e+001
  2.0000000e-001  2.7378040e+000  7.3000000e-001  2.8114470e+002  1.7767370e+001
  2.0000000e-001  2.7290080e+000  7.3000000e-001  2.8608600e+002  1.7914080e+001
  2.0000000e-001  2.7202130e+000  7.3000000e-001  2.8699950e+002  1.7941060e+001
  2.0000000e-001  2.7114170e+000  7.3000000e-001  2.8550040e+002  1.7896760e+001
  2.0000000e-001  2.7026210e+000  7.3000000e-001  2.8697540e+002  1.7940350e+001
  2.0000000e-001  2.6938250e+000  7.3000000e-001  2.8708830e+002  1.7943680e+001
  2.0000000e-001  2.6850280e+000  7.3000000e-001  2.9426640e+002  1.8154200e+001
  2.0000000e-001  2.6762320e+000  7.3000000e-001  2.9788240e+002  1.8259270e+001
  2.0000000e-001  2.6674350e+000  7.3000000e-001  2.9550670e+002  1.8190310e+001
  2.0000000e-001  2.6586390e+000  7.3000000e-001  2.9105600e+002  1.8060360e+001
  2.0000000e-001  2.6498420e+000  7.3000000e-001  2.9484680e+002  1.8171100e+001
  2.0000000e-001  2.6410450e+000  7.3000000e-001  2.8954440e+002  1.8016000e+001
  2.0000000e-001  2.6322480e+000  7.3000000e-001  2.9565340e+002  1.8194570e+001
  2.0000000e-001  2.6234510e+000  7.3000000e-001  3.0418110e+002  1.8440790e+001
  2.0000000e-001  2.6146530e+000  7.3000000e-001  3.0522670e+002  1.8470740e+001
  2.0000000e-001  2.6058560e+000  7.3000000e-001  3.0548600e+002  1.8478160e+001
  2.0000000e-001  2.5970580e+000  7.3000000e-001  3.0336630e+002  1.8417410e+001
  2.0000000e-001  2.5882600e+000  7.3000000e-001  3.0988150e+002  1.8603450e+001
  2.0000000e-001  2.5794630e+000  7.3000000e-001  3.0821720e+002  1.8556120e+001
  2.0000000e-001  2.5706640e+000  7.3000000e-001  3.0682920e+002  1.8516540e+001
  2.0000000e-001  2.5618660e+000  7.3000000e-001  3.0976360e+002  1.8600100e+001
  2.0000000e-001  2.5530680e+000  7.3000000e-001  3.1400280e+002  1.8720120e+001
  2.0000000e-001  2.5442700e+000  7.3000000e-001  3.0992990e+002  1.8604830e+001
  2.0000000e-001  2.5354710e+000  7.3000000e-001  3.1135140e+002  1.8645150e+001
  2.0000000e-001  2.5266720e+000  7.3000000e-001  3.1321610e+002  1.8697910e+001
  2.0000000e-001  2.5178740e+000  7.3000000e-001  3.1581570e+002  1.8771200e+001
  2.0000000e-001  2.5090750e+000  7.3000000e-001  3.2186780e+002  1.8940670e+001
  2.0000000e-001  2.5002760e+000  7.3000000e-001  3.1763950e+002  1.8822440e+001
  2.0000000e-001  2.4914770e+000  7.3000000e-001  3.1845020e+002  1.8845170e+001
  2.0000000e-001  2.4826770e+000  7.3000000e-001  3.2074430e+002  1.8909340e+001
  2.0000000e-001  2.4738780e+000  7.3000000e-001  3.2087640e+002  1.8913020e+001
  2.0000000e-001  2.4650780e+000  7.3000000e-001  3.1893240e+002  1.8858680e+001
  2.0000000e-001  2.4562790e+000  7.3000000e-001  3.2114850e+002  1.8920620e+001
  2.0000000e-001  2.4474790e+000  7.3000000e-001  3.2960640e+002  1.9155070e+001
  2.0000000e-001  2.4386790e+000  7.3000000e-001  3.3186470e+002  1.9217160e+001
  2.0000000e-001  2.4298790e+000  7.3000000e-001  3.2844520e+002  1.9123060e+001
  2.0000000e-001  2.4210780e+000  7.3000000e-001  3.2667210e+002  1.9074070e+001
  2.0000000e-001  2.4122780e+000  7.3000000e-001  3.2452040e+002  1.9014450e+001
  2.0000000e-001  2.4034780e+000  7.3000000e-001  3.2059000e+002  1.8905030e+001
  2.0000000e-001  2.3946770e+000  7.3000000e-001  3.2890360e+002  1.9135700e+001
  2.0000000e-001  2.3858760e+000  7.3000000e-001  3.2614460e+002  1.9059470e+001
  2.0000000e-001  2.3770760e+000  7.3000000e-001  3.2844780e+002  1.9123130e+001
  2.0000000e-001  2.3682750e+000  7.3000000e-001  3.2991210e+002  1.9163480e+001
  2.0000000e-001  2.3594740e+000  7.3000000e-001  3.3598840e+002  1.9329980e+001
  2.0000000e-001  2.3506720e+000  7.3000000e-001  3.5188770e+002  1.9758670e+001
  2.0000000e-001  2.3418710e+000  7.3000000e-001  3.4366640e+002  1.9538240e+001
  2.0000000e-001  2.3330700e+000  7.3000000e-001  3.4662010e+002  1.9617730e+001
  2.0000000e-001  2.3242680e+000  7.3000000e-001  3.4845390e+002  1.9666920e+001
  2.0000000e-001  2.3154670e+000  7.3000000e-001  3.5157820e+002  1.9750420e+001
  2.0000000e-001  2.3066650e+000  7.3000000e-001  3.4932140e+002  1.9690140e+001
  2.0000000e-001  2.2978630e+000  7.3000000e-001  3.4508750e+002  1.9576530e+001
  2.0000000e-001  2.2890610e+000  7.3000000e-001  3.3936610e+002  1.9421890e+001
  2.0000000e-001  2.2802590e+000  7.3000000e-001  3.4176180e+002  1.9486800e+001
  2.0000000e-001  2.2714570e+000  7.3000000e-001  3.4197400e+002  1.9492540e+001
  2.0000000e-001  2.2626540e+000  7.3000000e-001  3.4992810e+002  1.9706370e+001
  2.0000000e-001  2.2538520e+000  7.3000000e-001  3.5023050e+002  1.9714450e+001
  2.0000000e-001  2.2450490e+000  7.3000000e-001  3.4790860e+002  1.9652310e+001
  2.0000000e-001  2.2362470e+000  7.3000000e-001  3.5073780e+002  1.9727990e+001
  2.0000000e-001  2.2274440e+000  7.3000000e-001  3.6231000e+002  2.0034440e+001
  2.0000000e-001  2.2186410e+000  7.3000000e-001  3.5318870e+002  1.9793320e+001
  2.0000000e-001  2.2098380e+000  7.3000000e-001  3.5423110e+002  1.9821030e+001
  2.0000000e-001  2.2010350e+000  7.3000000e-001  3.5890480e+002  1.9944780e+001
  2.0000000e-001  2.1922310e+000  7.3000000e-001  3.6631890e+002  2.0139460e+001
  2.0000000e-001  2.1834280e+000  7.3000000e-001  3.6073250e+002  1.9992960e+001
  2.0000000e-001  2.1746240e+000  7.3000000e-001  3.5639830e+002  1.9878510e+001
  2.0000000e-001  2.1658210e+000  7.3000000e-001  3.7291670e+002  2.0311050e+001
  2.0000000e-001  2.1570170e+000  7.3000000e-001  3.7335270e+002  2.0322340e+001
  2.0000000e-001  2.1482130e+000  7.3000000e-001  3.6360420e+002  2.0068410e+001
  2.0000000e-001  2.1394090e+000  7.3000000e-001  3.7070870e+002  2.0253800e+001
  2.0000000e-001  2.1306050e+000  7.3000000e-001  3.8459840e+002  2.0611180e+001
  2.0000000e-001  2.1218010e+000  7.3000000e-001  3.7793360e+002  2.0440510e+001
  2.0000000e-001  2.1129970e+000  7.3000000e-001  3.7883440e+002  2.0463670e+001
  2.0000000e-001  2.1041920e+000  7.3000000e-001  3.8137440e+002  2.0528810e+001
  2.0000000e-001  2.0953880e+000  7.3000000e-001  3.9647500e+002  2.0911680e+001
  2.0000000e-001  2.0865830e+000  7.3000000e-001  3.8360540e+002  2.0585850e+001
  2.0000000e-001  2.0777790e+000  7.3000000e-001  3.7640820e+002  2.0401240e+001
  2.0000000e-001  2.0689740e+000  7.3000000e-001  3.8140240e+002  2.0529530e+001
  2.0000000e-001  2.0601690e+000  7.3000000e-001  3.8060540e+002  2.0509110e+001
  2.0000000e-001  2.0513640e+000  7.3000000e-001  3.9167770e+002  2.0790850e+001
  2.0000000e-001  2.0425590e+000  7.3000000e-001  3.9866360e+002  2.0966560e+001
  2.0000000e-001  2.0337540e+000  7.3000000e-001  3.8484230e+002  2.0617400e+001
  2.0000000e-001  2.0249480e+000  7.3000000e-001  3.8057660e+002  2.0508370e+001
  2.0000000e-001  2.0161430e+000  7.3000000e-001  3.9254240e+002  2.0812680e+001
  2.0000000e-001  2.0073370e+000  7.3000000e-001  3.9560640e+002  2.0889860e+001
  2.0000000e-001  1.9985310e+000  7.3000000e-001  3.9077080e+002  2.0767920e+001
  2.0000000e-001  1.9897260e+000  7.3000000e-001  3.9000700e+002  2.0748590e+001
  2.0000000e-001  1.9809200e+000  7.3000000e-001  3.8955880e+002  2.0737250e+001
  2.0000000e-001  1.9721140e+000  7.3000000e-001  3.9205940e+002  2.0800490e+001
  2.0000000e-001  1.9633080e+000  7.3000000e-001  3.9759400e+002  2.0939760e+001
  2.0000000e-001  1.9545020e+000  7.3000000e-001  4.0663430e+002  2.1165170e+001
  2.0000000e-001  1.9456950e+000  7.3000000e-001  4.0372600e+002  2.1092930e+001
  2.0000000e-001  1.9368890e+000  7.3000000e-001  3.9676790e+002  2.0919030e+001
  2.0000000e-001  1.9280820e+000  7.3000000e-001  4.0443030e+002  2.1110450e+001
  2.0000000e-001  1.9192760e+000  7.3000000e-001  4.0944290e+002  2.1234700e+001
  2.0000000e-001  1.9104690e+000  7.3000000e-001  4.0858060e+002  2.1213380e+001
  2.0000000e-001  1.9016540e+000  7.3000000e-001  4.1243840e+002  2.1308580e+001
  2.0000000e-001  1.8928470e+000  7.3000000e-001  4.0903310e+002  2.1224570e+001
  2.0000000e-001  1.8840400e+000  7.3000000e-001  4.0251950e+002  2.1062890e+001
  2.0000000e-001  1.8752330e+000  7.3000000e-001  4.1030230e+002  2.1255920e+001
  2.0000000e-001  1.8664260e+000  7.3000000e-001  4.1703140e+002  2.1421350e+001
  2.0000000e-001  1.8576180e+000  7.3000000e-001  4.1803420e+002  2.1445890e+001
  2.0000000e-001  1.8488110e+000  7.3000000e-001  4.2436350e+002  2.1600090e+001
  2.0000000e-001  1.8400030e+000  7.3000000e-001  4.2174180e+002  2.1536350e+001
  2.0000000e-001  1.8311960e+000  7.3000000e-001  4.1901860e+002  2.1469950e+001
  2.0000000e-001  1.8223880e+000  7.3000000e-001  4.1718680e+002  2.1425150e+001
  2.0000000e-001  1.8135800e+000  7.3000000e-001  4.2535360e+002  2.1624100e+001
  2.0000000e-001  1.8047730e+000  7.3000000e-001  4.2945200e+002  2.1723220e+001
  2.0000000e-001  1.7959650e+000  7.3000000e-001  4.2675700e+002  2.1658100e+001
  2.0000000e-001  1.7871570e+000  7.3000000e-001  4.2279740e+002  2.1562040e+001
  2.0000000e-001  1.7783480e+000  7.3000000e-001  4.2849160e+002  2.1700040e+001
  2.0000000e-001  1.7695400e+000  7.3000000e-001  4.3760350e+002  2.1918970e+001
  2.0000000e-001  1.7607320e+000  7.3000000e-001  4.4465070e+002  2.2086740e+001
  2.0000000e-001  1.7519230e+000  7.3000000e-001  4.4925870e+002  2.2195720e+001
  2.0000000e-001  1.7431150e+000  7.3000000e-001  4.3946810e+002  2.1963490e+001
  2.0000000e-001  1.7343060e+000  7.3000000e-001  4.3097260e+002  2.1759880e+001
  2.0000000e-001  1.7254980e+000  7.3000000e-001  4.3076290e+002  2.1754830e+001
  2.0000000e-001  1.7166890e+000  7.3000000e-001  4.4937700e+002  2.2198510e+001
  2.0000000e-001  1.7078800e+000  7.3000000e-001  4.3787570e+002  2.1925480e+001
  2.0000000e-001  1.6990710e+000  7.3000000e-001  4.4673040e+002  2.2136000e+001
  2.0000000e-001  1.6902620e+000  7.3000000e-001  4.5215030e+002  2.2263830e+001
  2.0000000e-001  1.6814530e+000  7.3000000e-001  4.6289540e+002  2.2515000e+001
  2.0000000e-001  1.6726440e+000  7.3000000e-001  4.5495980e+002  2.2329790e+001
  2.0000000e-001  1.6638340e+000  7.3000000e-001  4.4983910e+002  2.2209410e+001
  2.0000000e-001  1.6550250e+000  7.3000000e-001  4.4917680e+002  2.2193790e+001
  2.0000000e-001  1.6462150e+000  7.3000000e-001  4.4696870e+002  2.2141630e+001
  2.0000000e-001  1.6374060e+000  7.3000000e-001  4.5199230e+002  2.2260110e+001
  2.0000000e-001  1.6285960e+000  7.3000000e-001  4.5429610e+002  2.2314220e+001
  2.0000000e-001  1.6197860e+000  7.3000000e-001  4.4977440e+002  2.2207890e+001
  2.0000000e-001  1.6109770e+000  7.3000000e-001  4.4709980e+002  2.2144740e+001
  2.0000000e-001  1.6021670e+000  7.3000000e-001  4.5327000e+002  2.2290140e+001
  2.0000000e-001  1.5933570e+000  7.3000000e-001  4.5611560e+002  2.2356860e+001
  2.0000000e-001  1.5845470e+000  7.3000000e-001  4.5772210e+002  2.2394440e+001
  2.0000000e-001  1.5757360e+000  7.3000000e-001  4.6511380e+002  2.2566500e+001
  2.0000000e-001  1.5669260e+000  7.3000000e-001  4.6797810e+002  2.2632800e+001
  2.0000000e-001  1.5581160e+000  7.3000000e-001  4.7043680e+002  2.2689560e+001
  2.0000000e-001  1.5493050e+000  7.3000000e-001  4.7107200e+002  2.2704190e+001
  2.0000000e-001  1.5404950e+000  7.3000000e-001  4.7299450e+002  2.2748440e+001
  2.0000000e-001  1.5316840e+000  7.3000000e-001  4.7589780e+002  2.2815080e+001
  2.0000000e-001  1.5228740e+000  7.3000000e-001  4.6913080e+002  2.2659430e+001
  2.0000000e-001  1.5140630e+000  7.3000000e-001  4.7174560e+002  2.2719710e+001
  2.0000000e-001  1.5052520e+000  7.3000000e-001  4.7806340e+002  2.2864660e+001
  2.0000000e-001  1.4964410e+000  7.3000000e-001  4.7720730e+002  2.2845080e+001
  2.0000000e-001  1.4876300e+000  7.3000000e-001  4.8886040e+002  2.3110190e+001
  2.0000000e-001  1.4788190e+000  7.3000000e-001  4.7685130e+002  2.2836930e+001
  2.0000000e-001  1.4700080e+000  7.3000000e-001  4.8770750e+002  2.3084100e+001
  2.0000000e-001  1.4611960e+000  7.3000000e-001  4.8850340e+002  2.3102110e+001
  2.0000000e-001  1.4523850e+000  7.3000000e-001  4.8781980e+002  2.3086640e+001
  2.0000000e-001  1.4435740e+000  7.3000000e-001  5.0073450e+002  2.3377100e+001
  2.0000000e-001  1.4347620e+000  7.3000000e-001  4.9118800e+002  2.3162760e+001
  2.0000000e-001  1.4259510e+000  7.3000000e-001  4.9208690e+002  2.3183030e+001
  2.0000000e-001  1.4171390e+000  7.3000000e-001  4.9676800e+002  2.3288290e+001
  2.0000000e-001  1.4083270e+000  7.3000000e-001  4.8845980e+002  2.3101130e+001
  2.0000000e-001  1.3995160e+000  7.3000000e-001  4.9478280e+002  2.3243710e+001
  2.0000000e-001  1.3907040e+000  7.3000000e-001  4.9834700e+002  2.3323690e+001
  2.0000000e-001  1.3818920e+000  7.3000000e-001  5.0469280e+002  2.3465370e+001
  2.0000000e-001  1.3730800e+000  7.3000000e-001  5.0148830e+002  2.3393930e+001
  2.0000000e-001  1.3642680e+000  7.3000000e-001  5.0074580e+002  2.3377350e+001
  2.0000000e-001  1.3554560e+000  7.3000000e-001  5.0536710e+002  2.3480370e+001
  2.0000000e-001  1.3466430e+000  7.3000000e-001  5.0517910e+002  2.3476190e+001
  2.0000000e-001  1.3378310e+000  7.3000000e-001  5.0614560e+002  2.3497680e+001
  2.0000000e-001  1.3290190e+000  7.3000000e-001  5.1107410e+002  2.3606950e+001
  2.0000000e-001  1.3202060e+000  7.3000000e-001  5.0940520e+002  2.3570010e+001
  2.0000000e-001  1.3113940e+000  7.3000000e-001  5.2309480e+002  2.3871270e+001
  2.0000000e-001  1.3025810e+000  7.3000000e-001  5.1233870e+002  2.3634900e+001
  2.0000000e-001  1.2937680e+000  7.3000000e-001  5.1481000e+002  2.3689420e+001
  2.0000000e-001  1.2849560e+000  7.3000000e-001  5.1876640e+002  2.3776440e+001
  2.0000000e-001  1.2761430e+000  7.3000000e-001  5.2354710e+002  2.3881150e+001
  2.0000000e-001  1.2673300e+000  7.3000000e-001  5.2599450e+002  2.3934570e+001
  2.0000000e-001  1.2585170e+000  7.3000000e-001  5.1541380e+002  2.3702730e+001
  2.0000000e-001  1.2497040e+000  7.3000000e-001  5.2118760e+002  2.3829530e+001
  2.0000000e-001  1.2408910e+000  7.3000000e-001  5.2494660e+002  2.3911710e+001
  2.0000000e-001  1.2320780e+000  7.3000000e-001  5.3165760e+002  2.4057700e+001
  2.0000000e-001  1.2232650e+000  7.3000000e-001  5.3940530e+002  2.4225100e+001
  2.0000000e-001  1.2144510e+000  7.3000000e-001  5.4048320e+002  2.4248290e+001
  2.0000000e-001  1.2056380e+000  7.3000000e-001  5.3108220e+002  2.4045220e+001
  2.0000000e-001  1.1968250e+000  7.3000000e-001  5.2552390e+002  2.3924310e+001
  2.0000000e-001  1.1880110e+000  7.3000000e-001  5.3800310e+002  2.4194890e+001
  2.0000000e-001  1.1791980e+000  7.3000000e-001  5.2805490e+002  2.3979450e+001
  2.0000000e-001  1.1703840e+000  7.3000000e-001  5.3300240e+002  2.4086850e+001
  2.0000000e-001  1.1615700e+000  7.3000000e-001  5.4025190e+002  2.4243320e+001
  2.0000000e-001  1.1527560e+000  7.3000000e-001  5.3934650e+002  2.4223830e+001
  2.0000000e-001  1.1439430e+000  7.3000000e-001  5.4807800e+002  2.4411070e+001
  2.0000000e-001  1.1351290e+000  7.3000000e-001  5.4735380e+002  2.4395590e+001
  2.0000000e-001  1.1263150e+000  7.3000000e-001  5.4548680e+002  2.4355660e+001
  2.0000000e-001  1.1175010e+000  7.3000000e-001  5.4993660e+002  2.4450730e+001
  2.0000000e-001  1.1086870e+000  7.3000000e-001  5.5045430e+002  2.4461760e+001
  2.0000000e-001  1.0998730e+000  7.3000000e-001  5.3944650e+002  2.4225990e+001
  2.0000000e-001  1.0910580e+000  7.3000000e-001  5.5137170e+002  2.4481310e+001
  2.0000000e-001  1.0822440e+000  7.3000000e-001  5.5577510e+002  2.4574880e+001
  2.0000000e-001  1.0734300e+000  7.3000000e-001  5.5939530e+002  2.4651540e+001
  2.0000000e-001  1.0646160e+000  7.3000000e-001  5.4385890e+002  2.4320780e+001
  2.0000000e-001  1.0558010e+000  7.3000000e-001  5.4885190e+002  2.4427590e+001
  2.0000000e-001  1.0469870e+000  7.3000000e-001  5.5515840e+002  2.4561800e+001
  2.0000000e-001  1.0381720e+000  7.3000000e-001  5.5086190e+002  2.4470450e+001
  2.0000000e-001  1.0293570e+000  7.3000000e-001  5.5686650e+002  2.4598020e+001
  2.0000000e-001  1.0205430e+000  7.3000000e-001  5.5388180e+002  2.4534690e+001
  2.0000000e-001  1.0117280e+000  7.3000000e-001  5.6044920e+002  2.4673810e+001
  2.0000000e-001  1.0029130e+000  7.3000000e-001  5.5812240e+002  2.4624610e+001
  2.0000000e-001  9.9409850e-001  7.3000000e-001  5.6025010e+002  2.4669600e+001
  2.0000000e-001  9.8528360e-001  7.3000000e-001  5.5610270e+002  2.4581830e+001
  2.0000000e-001  9.7646870e-001  7.3000000e-001  5.5567160e+002  2.4572690e+001
  2.0000000e-001  9.6765360e-001  7.3000000e-001  5.6839330e+002  2.4841000e+001
  2.0000000e-001  9.5883860e-001  7.3000000e-001  5.7742920e+002  2.5029760e+001
  2.0000000e-001  9.5002350e-001  7.3000000e-001  5.7587050e+002  2.4997300e+001
  2.0000000e-001  9.4120830e-001  7.3000000e-001  5.6592080e+002  2.4789090e+001
  2.0000000e-001  9.3239310e-001  7.3000000e-001  5.6356980e+002  2.4739630e+001
  2.0000000e-001  9.2357780e-001  7.3000000e-001  5.6796470e+002  2.4832010e+001
  2.0000000e-001  9.1476250e-001  7.3000000e-001  5.7045610e+002  2.4884220e+001
  2.0000000e-001  9.0594710e-001  7.3000000e-001  5.7604730e+002  2.5000990e+001
  2.0000000e-001  8.9713170e-001  7.3000000e-001  5.8502920e+002  2.5187380e+001
  2.0000000e-001  8.8831620e-001  7.3000000e-001  5.8015090e+002  2.5086320e+001
  2.0000000e-001  8.7950070e-001  7.3000000e-001  5.9148050e+002  2.5320370e+001
  2.0000000e-001  8.7068510e-001  7.3000000e-001  5.8323520e+002  2.5150260e+001
  2.0000000e-001  8.6186950e-001  7.3000000e-001  5.9011180e+002  2.5292220e+001
  2.0000000e-001  8.5305370e-001  7.3000000e-001  5.8678000e+002  2.5223540e+001
  2.0000000e-001  8.4423800e-001  7.3000000e-001  5.8867960e+002  2.5262720e+001
  2.0000000e-001  8.3542220e-001  7.3000000e-001  5.9142400e+002  2.5319210e+001
  2.0000000e-001  8.2660640e-001  7.3000000e-001  5.8723790e+002  2.5232990e+001
  2.0000000e-001  8.1779050e-001  7.3000000e-001  5.9551180e+002  2.5403110e+001
  2.0000000e-001  8.0897460e-001  7.3000000e-001  5.9289140e+002  2.5349360e+001
  2.0000000e-001  8.0015860e-001  7.3000000e-001  5.9253230e+002  2.5341990e+001
  2.0000000e-001  7.9134260e-001  7.3000000e-001  6.0152240e+002  2.5525950e+001
  2.0000000e-001  7.8252650e-001  7.3000000e-001  5.9501250e+002  2.5392880e+001
  2.0000000e-001  7.7371040e-001  7.3000000e-001  5.9966320e+002  2.5488020e+001
  2.0000000e-001  7.6489420e-001  7.3000000e-001  6.1184300e+002  2.5735460e+001
  2.0000000e-001  7.5607790e-001  7.3000000e-001  6.1523910e+002  2.5804010e+001
  2.0000000e-001  7.4726170e-001  7.3000000e-001  6.0993460e+002  2.5696850e+001
  2.0000000e-001  7.3844540e-001  7.3000000e-001  6.0386540e+002  2.5573670e+001
  2.0000000e-001  7.2962900e-001  7.3000000e-001  5.9970890e+002  2.5488950e+001
  2.0000000e-001  7.2081270e-001  7.3000000e-001  6.0240330e+002  2.5543910e+001
  2.0000000e-001  7.1199620e-001  7.3000000e-001  6.0211230e+002  2.5537980e+001
  2.0000000e-001  7.0317970e-001  7.3000000e-001  6.0168520e+002  2.5529270e+001
  2.0000000e-001  6.9436320e-001  7.3000000e-001  6.0547440e+002  2.5606390e+001
  2.0000000e-001  6.8554660e-001  7.3000000e-001  6.0992540e+002  2.5696670e+001
  2.0000000e-001  6.7673000e-001  7.3000000e-001  6.1427550e+002  2.5784580e+001
  2.0000000e-001  6.6791340e-001  7.3000000e-001  6.2574600e+002  2.6014920e+001
  2.0000000e-001  6.5909670e-001  7.3000000e-001  6.2799930e+002  2.6059910e+001
  2.0000000e-001  6.5028000e-001  7.3000000e-001  6.2076300e+002  2.5915120e+001
  2.0000000e-001  6.4146320e-001  7.3000000e-001  6.1490080e+002  2.5797190e+001
  2.0000000e-001  6.3264640e-001  7.3000000e-001  6.1457510e+002  2.5790620e+001
  2.0000000e-001  6.2382950e-001  7.3000000e-001  6.1889390e+002  2.5877580e+001
  2.0000000e-001  6.1501260e-001  7.3000000e-001  6.1324240e+002  2.5763730e+001
  2.0000000e-001  6.0619570e-001  7.3000000e-001  6.2362100e+002  2.5972410e+001
  2.0000000e-001  5.9737880e-001  7.3000000e-001  6.2561220e+002  2.6012240e+001
  2.0000000e-001  5.8856180e-001  7.3000000e-001  6.2118540e+002  2.5923590e+001
  2.0000000e-001  5.7974480e-001  7.3000000e-001  6.2388260e+002  2.5977640e+001
  2.0000000e-001  5.7092770e-001  7.3000000e-001  6.1910420e+002  2.5881810e+001
  2.0000000e-001  5.6211050e-001  7.3000000e-001  6.3636990e+002  2.6226370e+001
  2.0000000e-001  5.5329340e-001  7.3000000e-001  6.4642080e+002  2.6424810e+001
  2.0000000e-001  5.4447620e-001  7.3000000e-001  6.4212090e+002  2.6340110e+001
  2.0000000e-001  5.3565900e-001  7.3000000e-001  6.3326250e+002  2.6164710e+001
  2.0000000e-001  5.2684170e-001  7.3000000e-001  6.4804780e+002  2.6456780e+001
  2.0000000e-001  5.1802440e-001  7.3000000e-001  6.4674550e+002  2.6431190e+001
  2.0000000e-001  5.0920710e-001  7.3000000e-001  6.4089370e+002  2.6315880e+001
  2.0000000e-001  5.0038980e-001  7.3000000e-001  6.4581380e+002  2.6412870e+001
  2.0000000e-001  4.9157240e-001  7.3000000e-001  6.4997440e+002  2.6494590e+001
  2.0000000e-001  4.8275490e-001  7.3000000e-001  6.4584320e+002  2.6413440e+001
  2.0000000e-001  4.7393750e-001  7.3000000e-001  6.4250850e+002  2.6347750e+001
  2.0000000e-001  4.6512000e-001  7.3000000e-001  6.4951820e+002  2.6485650e+001
  2.0000000e-001  4.5629360e-001  7.3000000e-001  6.6434830e+002  2.6774960e+001
  2.0000000e-001  4.4747610e-001  7.3000000e-001  6.6817820e+002  2.6849140e+001
  2.0000000e-001  4.3865850e-001  7.3000000e-001  6.7285580e+002  2.6939460e+001
  2.0000000e-001  4.2984090e-001  7.3000000e-001  6.8062820e+002  2.7088850e+001
  2.0000000e-001  4.2102330e-001  7.3000000e-001  6.9383950e+002  2.7340830e+001
  2.0000000e-001  4.1220560e-001  7.3000000e-001  6.8691090e+002  2.7208990e+001
  2.0000000e-001  4.0338790e-001  7.3000000e-001  7.0446210e+002  2.7541700e+001
  2.0000000e-001  3.9457020e-001  7.3000000e-001  7.1820700e+002  2.7799380e+001
  2.0000000e-001  3.8575240e-001  7.3000000e-001  7.1614200e+002  2.7760830e+001
  2.0000000e-001  3.7693460e-001  7.3000000e-001  7.2195730e+002  2.7869260e+001
  2.0000000e-001  3.6811680e-001  7.3000000e-001  7.3083000e+002  2.8033870e+001
  2.0000000e-001  3.5929900e-001  7.3000000e-001  7.4280200e+002  2.8254390e+001
  2.0000000e-001  3.5048110e-001  7.3000000e-001  7.5221010e+002  2.8426450e+001
  2.0000000e-001  3.4166320e-001  7.3000000e-001  7.6138780e+002  2.8593260e+001
  2.0000000e-001  3.3284530e-001  7.3000000e-001  7.8051010e+002  2.8937610e+001
  2.0000000e-001  3.2402740e-001  7.3000000e-001  7.9662150e+002  2.9224480e+001
  2.0000000e-001  3.1520940e-001  7.3000000e-001  8.1190140e+002  2.9493880e+001
  2.0000000e-001  3.0639140e-001  7.3000000e-001  8.2723690e+002  2.9761730e+001
  2.0000000e-001  2.9757340e-001  7.3000000e-001  8.3287560e+002  2.9859580e+001
  2.0000000e-001  2.8875540e-001  7.3000000e-001  8.7073020e+002  3.0508140e+001
  2.0000000e-001  2.7993730e-001  7.3000000e-001  9.2240760e+002  3.1371160e+001
  2.0000000e-001  2.7111920e-001  7.3000000e-001  9.6761960e+002  3.2106590e+001
  2.0000000e-001  2.6230110e-001  7.3000000e-001  1.0242760e+003  3.3004310e+001
  2.0000000e-001  2.5348300e-001  7.3000000e-001  1.0967800e+003  3.4117660e+001
  2.0000000e-001  2.4466480e-001  7.3000000e-001  1.1776940e+003  3.5317540e+001
  2.0000000e-001  2.3584660e-001  7.3000000e-001  1.3291220e+003  3.7457130e+001
  2.0000000e-001  2.2702840e-001  7.3000000e-001  1.5073290e+003  3.9824340e+001
  2.0000000e-001  2.1821020e-001  7.3000000e-001  1.6296490e+003  4.1368920e+001
  2.0000000e-001  2.0939200e-001  7.3000000e-001  1.5803800e+003  4.0753990e+001
  2.0000000e-001  2.0057380e-001  7.3000000e-001  1.4486350e+003  3.9060940e+001
  2.0000000e-001  1.9175550e-001  7.3000000e-001  1.3505610e+003  3.7749980e+001
  2.0000000e-001  1.8293720e-001  7.3000000e-001  1.2320550e+003  3.6100640e+001
  2.0000000e-001  1.7411890e-001  7.3000000e-001  1.1232670e+003  3.4515170e+001
  2.0000000e-001  1.6530060e-001  7.3000000e-001  1.0126290e+003  3.2821830e+001
  2.0000000e-001  1.5648220e-001  7.3000000e-001  9.1124730e+002  3.1186870e+001
  2.0000000e-001  1.4766390e-001  7.3000000e-001  8.0856550e+002  2.9435290e+001
  2.0000000e-001  1.3884550e-001  7.3000000e-001  7.2628310e+002  2.7949640e+001
  2.0000000e-001  1.3002710e-001  7.3000000e-001  6.5305280e+002  2.6554900e+001
  2.0000000e-001  1.2120870e-001  7.3000000e-001  5.7874590e+002  2.5057140e+001
  2.0000000e-001  1.1239030e-001  7.3000000e-001  5.1097590e+002  2.3604780e+001
  2.0000000e-001  1.0357180e-001  7.3000000e-001  4.5520350e+002  2.2335500e+001
  2.0000000e-001  9.4753370e-002  7.3000000e-001  3.9710690e+002  2.0927540e+001
  2.0000000e-001  8.5934910e-002  7.3000000e-001  3.4041850e+002  1.9450430e+001
  2.0000000e-001  7.7116430e-002  7.3000000e-001  2.9747920e+002  1.8247580e+001
  2.0000000e-001  6.8297940e-002  7.3000000e-001  2.6157240e+002  1.7173200e+001
  2.0000000e-001  5.9479430e-002  7.3000000e-001  2.2362730e+002  1.5954170e+001
  2.0000000e-001  5.0660910e-002  7.3000000e-001  1.9055670e+002  1.4804230e+001
  2.0000000e-001  4.1842380e-002  7.3000000e-001  1.6560570e+002  1.3868790e+001
  2.0000000e-001  3.3023840e-002  7.3000000e-001  1.4433720e+002  1.3014040e+001
  2.0000000e-001  2.4205290e-002  7.3000000e-001  1.3268010e+002  1.2518680e+001
  2.0000000e-001  1.5386730e-002  7.3000000e-001  1.3027600e+002  1.2413850e+001
  2.0000000e-001  6.5681540e-003  7.3000000e-001  1.1205900e+002  1.1585790e+001
  2.0000000e-001 -2.2504280e-003  7.3000000e-001  1.1182660e+002  1.1574810e+001
  2.0000000e-001 -1.1069020e-002  7.3000000e-001  1.0753920e+002  1.1370110e+001
  2.0000000e-001 -1.9887620e-002  7.3000000e-001  1.1295430e+002  1.1628000e+001
  2.0000000e-001 -2.8706230e-002  7.3000000e-001  1.1515660e+002  1.1731110e+001
  2.0000000e-001 -3.7524850e-002  7.3000000e-001  1.0515130e+002  1.1254330e+001
  2.0000000e-001 -4.6343470e-002  7.3000000e-001  9.9845480e+001  1.0992270e+001
  2.0000000e-001 -5.5162110e-002  7.3000000e-001  9.3699460e+001  1.0679850e+001
  2.0000000e-001 -6.3980740e-002  7.3000000e-001  9.6085430e+001  1.0802320e+001
  2.0000000e-001 -7.2799390e-002  7.3000000e-001  9.1847690e+001  1.0583720e+001
  2.0000000e-001 -8.1618040e-002  7.3000000e-001  8.7234300e+001  1.0339930e+001
  2.0000000e-001 -9.0436700e-002  7.3000000e-001  8.8341850e+001  1.0399030e+001
  2.0000000e-001 -9.9255360e-002  7.3000000e-001  8.6602660e+001  1.0306060e+001
  2.0000000e-001 -1.0807400e-001  7.3000000e-001  8.2246510e+001  1.0068990e+001
  2.0000000e-001 -1.1689270e-001  7.3000000e-001  7.6949310e+001  9.7720760e+000
  2.0000000e-001 -1.2571140e-001  7.3000000e-001  7.0995160e+001  9.4258620e+000
  2.0000000e-001 -1.3453010e-001  7.3000000e-001  6.7104570e+001  9.1917370e+000
  2.0000000e-001 -1.4334870e-001  7.3000000e-001  6.0816040e+001  8.7984640e+000
  2.0000000e-001 -1.5216740e-001  7.3000000e-001  5.4591680e+001  8.3886180e+000
  2.0000000e-001 -1.6098610e-001  7.3000000e-001  4.7791400e+001  7.9131330e+000
  2.0000000e-001 -1.6980480e-001  7.3000000e-001  4.0977170e+001  7.4013410e+000
  2.0000000e-001 -1.7862350e-001  7.3000000e-001  4.0114890e+001  7.3336320e+000
  2.0000000e-001 -1.8744220e-001  7.3000000e-001  3.3393200e+001  6.7786850e+000
  2.0000000e-001 -1.9626090e-001  7.3000000e-001  3.0074160e+001  6.4839910e+000
  2.0000000e-001 -2.0507960e-001  7.3000000e-001  1.5651280e+001  4.9561700e+000
  2.0000000e-001 -2.1389830e-001  7.3000000e-001  1.7887860e+001  5.2294040e+000
  2.0000000e-001 -2.2271700e-001  7.3000000e-001  2.3002070e+001  5.7960470e+000
  2.0000000e-001 -2.3153560e-001  7.3000000e-001  1.6775350e+001  5.0957720e+000
  2.0000000e-001 -2.4035430e-001  7.3000000e-001  1.5517660e+001  4.9392470e+000
  2.0000000e-001 -2.4917300e-001  7.3000000e-001  1.6080270e+001  5.0100210e+000
  2.0000000e-001 -2.5799170e-001  7.3000000e-001  1.0579090e+001  4.2525510e+000
  2.0000000e-001 -2.6681040e-001  7.3000000e-001  1.2494900e+001  4.5348130e+000
  2.0000000e-001 -2.7562910e-001  7.3000000e-001  1.2564220e+001  4.5446040e+000
  2.0000000e-001 -2.8444770e-001  7.3000000e-001  1.0952970e+001  4.3095270e+000
  2.0000000e-001 -2.9326640e-001  7.3000000e-001  1.1765370e+001  4.4300690e+000
  2.0000000e-001 -3.0208510e-001  7.3000000e-001  8.7573280e+000  3.9592780e+000
  2.0000000e-001 -3.1090370e-001  7.3000000e-001  1.0121850e+001  4.1814850e+000
  2.0000000e-001 -3.1972240e-001  7.3000000e-001  1.0326290e+001  4.2134550e+000
  2.0000000e-001 -3.2854100e-001  7.3000000e-001  8.5456020e+000  3.9232860e+000
  2.0000000e-001 -3.3735970e-001  7.3000000e-001  7.5104120e+000  3.7405130e+000
  2.0000000e-001 -3.4617830e-001  7.3000000e-001  1.0042840e+001  4.1690440e+000
  2.0000000e-001 -3.5499690e-001  7.3000000e-001  1.0687800e+001  4.2692200e+000
  2.0000000e-001 -3.6381560e-001  7.3000000e-001  7.8822460e+000  3.8075340e+000
  2.0000000e-001 -3.7263420e-001  7.3000000e-001  9.8918530e+000  4.1451320e+000
  2.0000000e-001 -3.8145280e-001  7.3000000e-001  1.2808640e+001  4.5789160e+000
  2.0000000e-001 -3.9027140e-001  7.3000000e-001  1.0555460e+001  4.2489160e+000
  2.0000000e-001 -3.9909000e-001  7.3000000e-001  7.7349750e+000  3.7811820e+000
  2.0000000e-001 -4.0790860e-001  7.3000000e-001  9.2791800e+000  4.0461750e+000
  2.0000000e-001 -4.1672720e-001  7.3000000e-001  1.1158670e+001  4.3404590e+000
  2.0000000e-001 -4.2554570e-001  7.3000000e-001  1.1496640e+001  4.3906690e+000
  2.0000000e-001 -4.3436430e-001  7.3000000e-001  6.7834220e+000  3.6045000e+000
  2.0000000e-001 -4.4318280e-001  7.3000000e-001  8.7001350e+000  3.9495990e+000
  2.0000000e-001 -4.5200130e-001  7.3000000e-001  1.1148220e+001  4.3388940e+000
  2.0000000e-001 -4.6081980e-001  7.3000000e-001  5.9873560e+000  3.4469080e+000
  2.0000000e-001 -4.6963830e-001  7.3000000e-001  7.0944620e+000  3.6635430e+000
  2.0000000e-001 -4.7845680e-001  7.3000000e-001  6.1982240e+000  3.4896230e+000
  2.0000000e-001 -4.8727530e-001  7.3000000e-001  7.8937870e+000  3.8095880e+000
  2.0000000e-001 -4.9609380e-001  7.3000000e-001  8.8475940e+000  3.9744910e+000
  2.0000000e-001 -5.0491230e-001  7.3000000e-001  9.3016390e+000  4.0498590e+000
  2.0000000e-001 -5.1373060e-001  7.3000000e-001  1.0024430e+001  4.1661390e+000
  2.0000000e-001 -5.2254910e-001  7.3000000e-001  8.0779970e+000  3.8421820e+000
  2.0000000e-001 -5.3136750e-001  7.3000000e-001  6.1956460e+000  3.4891050e+000
  2.0000000e-001 -5.4018590e-001  7.3000000e-001  7.1319420e+000  3.6705700e+000
  2.0000000e-001 -5.4900430e-001  7.3000000e-001  8.4479460e+000  3.9065350e+000
  2.0000000e-001 -5.5782260e-001  7.3000000e-001  6.9250310e+000  3.6315450e+000
  2.0000000e-001 -5.6664100e-001  7.3000000e-001  5.6863270e+000  3.3846020e+000
  2.0000000e-001 -5.7545920e-001  7.3000000e-001  8.8814430e+000  3.9801750e+000
  2.0000000e-001 -5.8427760e-001  7.3000000e-001  8.8102290e+000  3.9682030e+000
  2.0000000e-001 -5.9309580e-001  7.3000000e-001  2.9318640e+000  2.7122690e+000
  2.0000000e-001 -6.0191410e-001  7.3000000e-001  8.7921540e+000  3.9651570e+000
  2.0000000e-001 -6.1073240e-001  7.3000000e-001  5.8840590e+000  3.4257080e+000
  2.0000000e-001 -6.1955060e-001  7.3000000e-001  8.2986490e+000  3.8807380e+000
  2.0000000e-001 -6.2836880e-001  7.3000000e-001  8.7003400e+000  3.9496340e+000
  2.0000000e-001 -6.3718700e-001  7.3000000e-001  6.5593770e+000  3.5611280e+000
  2.0000000e-001 -6.4600520e-001  7.3000000e-001  5.5141280e+000  3.3482180e+000
  2.0000000e-001 -6.5482330e-001  7.3000000e-001  1.3954310e+000  2.1812830e+000
  2.0000000e-001 -6.6364150e-001  7.3000000e-001  4.8519660e+000  3.2027180e+000
  2.0000000e-001 -6.7245950e-001  7.3000000e-001  6.3936810e+000  3.5285730e+000
  2.0000000e-001 -6.8127760e-001  7.3000000e-001  5.6293920e+000  3.3726340e+000
  2.0000000e-001 -6.9009570e-001  7.3000000e-001  7.5801940e+000  3.7532150e+000
  2.0000000e-001 -6.9891380e-001  7.3000000e-001  6.2055770e+000  3.4911000e+000
  2.0000000e-001 -7.0773170e-001  7.3000000e-001  2.4744070e+000  2.5730250e+000
  2.0000000e-001 -7.1654980e-001  7.3000000e-001  2.7976390e+000  2.6726140e+000
  2.0000000e-001 -7.2536770e-001  7.3000000e-001  5.5231430e+000  3.3501370e+000
  2.0000000e-001 -7.3418560e-001  7.3000000e-001  9.0318680e+000  4.0053070e+000
  2.0000000e-001 -7.4300350e-001  7.3000000e-001  9.7587200e+000  4.1238950e+000
  2.0000000e-001 -7.5182150e-001  7.3000000e-001  4.5482700e+000  3.1326670e+000
  2.0000000e-001 -7.6063930e-001  7.3000000e-001  3.4696300e+000  2.8626940e+000
  2.0000000e-001 -7.6945710e-001  7.3000000e-001  5.1577850e+000  3.2710760e+000
  2.0000000e-001 -7.7827500e-001  7.3000000e-001  4.8868200e+000  3.2106150e+000
  2.0000000e-001 -7.8709270e-001  7.3000000e-001  4.4769780e+000  3.1158870e+000
  2.0000000e-001 -7.9591050e-001  7.3000000e-001  1.2267750e+000  2.1075990e+000
  2.0000000e-001 -8.0472820e-001  7.3000000e-001  5.2086160e+000  3.2822390e+000
  2.0000000e-001 -8.1354590e-001  7.3000000e-001  9.6194490e-001  1.9807880e+000
  2.0000000e-001 -8.2236360e-001  7.3000000e-001  9.1058780e+000  4.0175950e+000
  2.0000000e-001 -8.3118120e-001  7.3000000e-001  8.0037480e+000  3.8290900e+000
  2.0000000e-001 -8.3999880e-001  7.3000000e-001  6.1493450e+000  3.4797870e+000
  2.0000000e-001 -8.4881640e-001  7.3000000e-001  4.4354340e+000  3.1060470e+000
  2.0000000e-001 -8.5763390e-001  7.3000000e-001  3.0118040e+000  2.7354550e+000
  2.0000000e-001 -8.6645140e-001  7.3000000e-001  1.4034950e+000  2.1846920e+000
  2.0000000e-001 -8.7526890e-001  7.3000000e-001 -1.1012580e+000  2.0494090e+000
  2.0000000e-001 -8.8408640e-001  7.3000000e-001  1.5437610e+000  2.2424820e+000
  2.0000000e-001 -8.9290380e-001  7.3000000e-001  4.3540890e+000  3.0866450e+000
  2.0000000e-001 -9.0172120e-001  7.3000000e-001  1.5240500e+000  2.2345240e+000
  2.0000000e-001 -9.1053860e-001  7.3000000e-001  1.7255470e+000  2.3136010e+000
  2.0000000e-001 -9.1935590e-001  7.3000000e-001  3.4583320e+000  2.8596590e+000
  2.0000000e-001 -9.2817310e-001  7.3000000e-001  2.3414480e+000  2.5301790e+000
  2.0000000e-001 -9.3699040e-001  7.3000000e-001 -1.0696460e+000  2.0342370e+000
  2.0000000e-001 -9.4580760e-001  7.3000000e-001  3.8200700e+000  2.9545000e+000
  2.0000000e-001 -9.5462480e-001  7.3000000e-001  6.0872530e+000  3.4672360e+000
  2.0000000e-001 -9.6344190e-001  7.3000000e-001  7.3111760e+000  3.7039190e+000
  2.0000000e-001 -9.7225900e-001  7.3000000e-001  4.3433050e+000  3.0840600e+000
  2.0000000e-001 -9.8107610e-001  7.3000000e-001  8.7698460e+000  3.9613930e+000
  2.0000000e-001 -9.8990200e-001  7.3000000e-001  2.7622390e-001  1.5255700e+000
  2.0000000e-001 -9.9871900e-001  7.3000000e-001  1.6747390e+000  2.2941170e+000
  2.0000000e-001 -1.0075360e+000  7.3000000e-001 -3.1038420e-001  1.5571210e+000
  2.0000000e-001 -1.0163530e+000  7.3000000e-001  1.8004030e+000  2.3417910e+000
  2.0000000e-001 -1.0251700e+000  7.3000000e-001  6.6724720e+000  3.5831130e+000
  2.0000000e-001 -1.0339870e+000  7.3000000e-001  8.1000760e-001  1.9000040e+000
  2.0000000e-001 -1.0428030e+000  7.3000000e-001 -3.7985670e+000  2.9489910e+000
  2.0000000e-001 -1.0516200e+000  7.3000000e-001 -1.0674230e+000  2.0331610e+000
  2.0000000e-001 -1.0604370e+000  7.3000000e-001  2.2029980e+000  2.4842500e+000
  2.0000000e-001 -1.0692540e+000  7.3000000e-001  3.9424620e-001  1.6278900e+000
  2.0000000e-001 -1.0780700e+000  7.3000000e-001 -1.2332610e+000  2.1105230e+000
  2.0000000e-001 -1.0868870e+000  7.3000000e-001  8.0673030e-001  1.8981820e+000
  2.0000000e-001 -1.0957030e+000  7.3000000e-001  3.9686220e+000  2.9921400e+000
  2.0000000e-001 -1.1045200e+000  7.3000000e-001  5.6746850e+000  3.3821600e+000
  2.0000000e-001 -1.1133360e+000  7.3000000e-001  5.4274920e+000  3.3296980e+000
  2.0000000e-001 -1.1221530e+000  7.3000000e-001 -9.6222900e-001  1.9809330e+000
  2.0000000e-001 -1.1309690e+000  7.3000000e-001  2.9685830e+000  2.7229580e+000
  2.0000000e-001 -1.1397860e+000  7.3000000e-001  6.3761550e+000  3.5251050e+000
  2.0000000e-001 -1.1486020e+000  7.3000000e-001  5.4039260e+000  3.3246350e+000
  2.0000000e-001 -1.1574180e+000  7.3000000e-001  1.1380470e+000  2.0667930e+000
  2.0000000e-001 -1.1662340e+000  7.3000000e-001  7.7588810e-001  1.8808450e+000
  2.0000000e-001 -1.1750500e+000  7.3000000e-001  1.5347490e+000  2.2388500e+000
  2.0000000e-001 -1.1838670e+000  7.3000000e-001  7.0162220e-001  1.8376290e+000
  2.0000000e-001 -1.1926830e+000  7.3000000e-001 -7.9284500e-002  1.2815750e+000
  2.0000000e-001 -1.2014990e+000  7.3000000e-001  1.0489980e+000  2.0242060e+000
  2.0000000e-001 -1.2103150e+000  7.3000000e-001  1.5973830e+000  2.2638760e+000
  2.0000000e-001 -1.2191310e+000  7.3000000e-001  2.0500830e+000  2.4318110e+000
  2.0000000e-001 -1.2279460e+000  7.3000000e-001  3.6373800e+000  2.9071920e+000
  2.0000000e-001 -1.2367620e+000  7.3000000e-001  5.4061500e+000  3.3251130e+000
  2.0000000e-001 -1.2455780e+000  7.3000000e-001  5.2413140e+000  3.2893920e+000
  2.0000000e-001 -1.2543940e+000  7.3000000e-001  2.2739930e+000  2.5079770e+000
  2.0000000e-001 -1.2632090e+000  7.3000000e-001  2.5614720e+000  2.6004600e+000
  2.0000000e-001 -1.2720250e+000  7.3000000e-001  8.4960000e+000  3.9147900e+000
  2.0000000e-001 -1.2808410e+000  7.3000000e-001  1.4746300e+000  2.2143440e+000
  2.0000000e-001 -1.2896560e+000  7.3000000e-001 -3.2250870e+000  2.7958530e+000
  2.0000000e-001 -1.2984720e+000  7.3000000e-001  2.2961030e+000  2.5152900e+000
  2.0000000e-001 -1.3072870e+000  7.3000000e-001  8.4208150e-001  1.9176500e+000
  2.0000000e-001 -1.3161020e+000  7.3000000e-001  1.4062490e-001  1.3750000e+000
  2.0000000e-001 -1.3249180e+000  7.3000000e-001 -1.0051650e+000  2.0025790e+000
  2.0000000e-001 -1.3337330e+000  7.3000000e-001  1.0641090e+000  2.0315570e+000
  2.0000000e-001 -1.3425480e+000  7.3000000e-001  2.4041820e+000  2.5505430e+000
  2.0000000e-001 -1.3513630e+000  7.3000000e-001  3.8710700e+000  2.9675030e+000
  2.0000000e-001 -1.3601780e+000  7.3000000e-001  2.9995950e+000  2.7319340e+000
  2.0000000e-001 -1.3689940e+000  7.3000000e-001  1.3109250e+000  2.1449570e+000
  2.0000000e-001 -1.3778090e+000  7.3000000e-001  1.9472260e+000  2.3954310e+000
  2.0000000e-001 -1.3866240e+000  7.3000000e-001  1.7216400e+000  2.3121130e+000
  2.0000000e-001 -1.3954380e+000  7.3000000e-001  5.6928770e-001  1.7545110e+000
  2.0000000e-001 -1.4042530e+000  7.3000000e-001 -1.1053180e+000  2.0513410e+000
  2.0000000e-001 -1.4130680e+000  7.3000000e-001  1.9938230e+000  2.4120280e+000
  2.0000000e-001 -1.4218830e+000  7.3000000e-001  3.7275970e+000  2.9306990e+000
  2.0000000e-001 -1.4306970e+000  7.3000000e-001  1.3425140e+000  2.1586690e+000
  2.0000000e-001 -1.4395120e+000  7.3000000e-001  1.4716370e+000  2.2131110e+000
  2.0000000e-001 -1.4483260e+000  7.3000000e-001  4.9283060e-001  1.7020190e+000
  2.0000000e-001 -1.4571410e+000  7.3000000e-001  1.6108200e+000  2.2691810e+000
  2.0000000e-001 -1.4659550e+000  7.3000000e-001  2.7408600e+000  2.6555540e+000
  2.0000000e-001 -1.4747700e+000  7.3000000e-001  1.3454840e+000  2.1599500e+000
  2.0000000e-001 -1.4835840e+000  7.3000000e-001  4.7002120e+000  3.1679970e+000
  2.0000000e-001 -1.4923980e+000  7.3000000e-001  6.2346380e+000  3.4969260e+000
  2.0000000e-001 -1.5012120e+000  7.3000000e-001  4.4794370e+000  3.1164680e+000
  2.0000000e-001 -1.5100270e+000  7.3000000e-001  2.7888850e+000  2.6699960e+000
  2.0000000e-001 -1.5188410e+000  7.3000000e-001  3.7639540e-001  1.6135110e+000
  2.0000000e-001 -1.5276550e+000  7.3000000e-001  3.4870850e+000  2.8673740e+000
  2.0000000e-001 -1.5364690e+000  7.3000000e-001  4.4751750e+000  3.1154610e+000
  2.0000000e-001 -1.5452820e+000  7.3000000e-001  2.9081460e+000  2.7053290e+000
  2.0000000e-001 -1.5540960e+000  7.3000000e-001  8.4722290e-001  1.9204470e+000
  2.0000000e-001 -1.5629100e+000  7.3000000e-001  2.0797020e+000  2.4421170e+000
  2.0000000e-001 -1.5717240e+000  7.3000000e-001  7.0289550e-001  1.8383890e+000
  2.0000000e-001 -1.5805370e+000  7.3000000e-001  3.6880380e+000  2.9204270e+000
  2.0000000e-001 -1.5893510e+000  7.3000000e-001  1.8683580e+000  2.3668790e+000
  2.0000000e-001 -1.5981640e+000  7.3000000e-001 -1.1922590e+000  2.0919060e+000
  2.0000000e-001 -1.6069780e+000  7.3000000e-001 -2.5480250e-001  1.5047800e+000
  2.0000000e-001 -1.6157910e+000  7.3000000e-001  1.0226980e+000  2.0112860e+000
  2.0000000e-001 -1.6246040e+000  7.3000000e-001  3.3835160e+000  2.8394340e+000
  2.0000000e-001 -1.6334170e+000  7.3000000e-001  3.7031330e+000  2.9243530e+000
  2.0000000e-001 -1.6422310e+000  7.3000000e-001  4.6354260e+000  3.1530040e+000
  2.0000000e-001 -1.6510440e+000  7.3000000e-001  6.2181020e+000  3.4936120e+000
  2.0000000e-001 -1.6598570e+000  7.3000000e-001  4.0476600e+000  3.0118800e+000
  2.0000000e-001 -1.6686700e+000  7.3000000e-001  1.0033080e+000  2.0016520e+000
  2.0000000e-001 -1.6774820e+000  7.3000000e-001 -8.6201130e-001  1.9284460e+000
  2.0000000e-001 -1.6862950e+000  7.3000000e-001 -3.5070820e+000  2.8727200e+000
  2.0000000e-001 -1.6951080e+000  7.3000000e-001 -1.7591500e+000  2.3263290e+000
  2.0000000e-001 -1.7039210e+000  7.3000000e-001 -1.8585240e+000  2.3632770e+000
  2.0000000e-001 -1.7127330e+000  7.3000000e-001 -1.4427180e+000  2.2011320e+000
  2.0000000e-001 -1.7215460e+000  7.3000000e-001  3.1709300e+000  2.7807110e+000
  2.0000000e-001 -1.7303580e+000  7.3000000e-001  2.7751380e+000  2.6658750e+000
  2.0000000e-001 -1.7391710e+000  7.3000000e-001  2.8882030e+000  2.6994710e+000
  2.0000000e-001 -1.7479830e+000  7.3000000e-001  4.0973460e+000  3.0241900e+000
  2.0000000e-001 -1.7567950e+000  7.3000000e-001  4.3889660e+000  3.0949860e+000
  2.0000000e-001 -1.7656070e+000  7.3000000e-001  1.1481520e+000  2.0715190e+000
  2.0000000e-001 -1.7744190e+000  7.3000000e-001 -3.7709690e-001  1.6140820e+000
  2.0000000e-001 -1.7832310e+000  7.3000000e-001  1.2698910e+000  2.1268940e+000
  2.0000000e-001 -1.7920430e+000  7.3000000e-001  1.8026190e+000  2.3426170e+000
  2.0000000e-001 -1.8008550e+000  7.3000000e-001  6.1870430e-001  1.7865780e+000
  2.0000000e-001 -1.8096670e+000  7.3000000e-001  1.9979420e+000  2.4134860e+000
  2.0000000e-001 -1.8184780e+000  7.3000000e-001  5.3262930e-001  1.7298150e+000
  2.0000000e-001 -1.8272900e+000  7.3000000e-001 -8.1231030e-001  1.9012830e+000
  2.0000000e-001 -1.8361020e+000  7.3000000e-001  9.1830500e-001  1.9582820e+000
  2.0000000e-001 -1.8449130e+000  7.3000000e-001  3.5403670e+000  2.8815860e+000
  2.0000000e-001 -1.8537240e+000  7.3000000e-001  2.0044250e+000  2.4157770e+000
  2.0000000e-001 -1.8625360e+000  7.3000000e-001 -1.3112800e+000  2.1451110e+000
  2.0000000e-001 -1.8713470e+000  7.3000000e-001  2.0136020e+000  2.4190140e+000
  2.0000000e-001 -1.8801580e+000  7.3000000e-001  2.3762610e+000  2.5415120e+000
  2.0000000e-001 -1.8889690e+000  7.3000000e-001  1.1454370e+000  2.0702510e+000
  2.0000000e-001 -1.8977800e+000  7.3000000e-001  3.3077750e-001  1.5751330e+000
  2.0000000e-001 -1.9065910e+000  7.3000000e-001 -1.2817210e+000  2.1321310e+000
  2.0000000e-001 -1.9154020e+000  7.3000000e-001 -1.6798280e+000  2.2960820e+000
  2.0000000e-001 -1.9242130e+000  7.3000000e-001  6.7423110e-002  1.2596600e+000
  2.0000000e-001 -1.9330230e+000  7.3000000e-001  8.1341470e-001  1.9018950e+000
  2.0000000e-001 -1.9418340e+000  7.3000000e-001 -1.2554760e+000  2.1204800e+000
  2.0000000e-001 -1.9506440e+000  7.3000000e-001  7.8120880e-001  1.8838600e+000
  2.0000000e-001 -1.9594550e+000  7.3000000e-001  1.2477100e+000  2.1170100e+000
  2.0000000e-001 -1.9682650e+000  7.3000000e-001 -1.6270960e+000  2.2755770e+000
  2.0000000e-001 -1.9770750e+000  7.3000000e-001 -2.7147560e+000  2.6476520e+000
  2.0000000e-001 -1.9858860e+000  7.3000000e-001 -3.9480110e+000  2.9869600e+000
  2.0000000e-001 -1.9946960e+000  7.3000000e-001  3.6721000e+000  2.9162720e+000
  2.0000000e-001 -2.0035060e+000  7.3000000e-001  7.6334790e+000  3.7628750e+000
  2.0000000e-001 -2.0123160e+000  7.3000000e-001  3.6090930e-001  1.6007570e+000
  2.0000000e-001 -2.0211260e+000  7.3000000e-001 -2.6399570e-001  1.5138050e+000
  2.0000000e-001 -2.0299350e+000  7.3000000e-001 -3.6416240e+000  2.9083040e+000
  2.0000000e-001 -2.0387450e+000  7.3000000e-001 -1.4058390e+000  2.1856810e+000
  2.0000000e-001 -2.0475540e+000  7.3000000e-001  1.9872550e+000  2.4097000e+000
  2.0000000e-001 -2.0563640e+000  7.3000000e-001  1.1422960e+000  2.0687830e+000
  2.0000000e-001 -2.0651730e+000  7.3000000e-001  5.9603640e-001  1.7720340e+000
  2.0000000e-001 -2.0739830e+000  7.3000000e-001  1.0262120e+000  2.0130210e+000
  2.0000000e-001 -2.0827920e+000  7.3000000e-001  3.4464340e-002  1.1856460e+000
  2.0000000e-001 -2.0916010e+000  7.3000000e-001  1.9708660e+000  2.4038750e+000
  2.0000000e-001 -2.1004100e+000  7.3000000e-001  1.1693570e+000  2.0813680e+000
  2.0000000e-001 -2.1092190e+000  7.3000000e-001 -2.6209230e+000  2.6189270e+000
  2.0000000e-001 -2.1180280e+000  7.3000000e-001 -2.8399440e+000  2.6852130e+000
  2.0000000e-001 -2.1268370e+000  7.3000000e-001 -1.7221840e+000  2.3123200e+000
  2.0000000e-001 -2.1356450e+000  7.3000000e-001 -1.1762140e+000  2.0845340e+000
  2.0000000e-001 -2.1444540e+000  7.3000000e-001  1.2735730e+000  2.1285270e+000
  2.0000000e-001 -2.1532620e+000  7.3000000e-001 -1.9499660e-001  1.4415840e+000
  2.0000000e-001 -2.1620710e+000  7.3000000e-001  2.6890010e+000  2.6398170e+000
  2.0000000e-001 -2.1708790e+000  7.3000000e-001 -3.6683320e-001  1.6056680e+000
  2.0000000e-001 -2.1796870e+000  7.3000000e-001  1.4987520e+000  2.2242350e+000
  2.0000000e-001 -2.1884950e+000  7.3000000e-001  9.5387630e-001  1.9766660e+000
  2.0000000e-001 -2.1973040e+000  7.3000000e-001 -2.1593900e+000  2.4694860e+000
  2.0000000e-001 -2.2061110e+000  7.3000000e-001 -1.8447590e+000  2.3582190e+000
  2.0000000e-001 -2.2149190e+000  7.3000000e-001 -7.3086390e-001  1.8549060e+000
  2.0000000e-001 -2.2237270e+000  7.3000000e-001 -2.2436370e+000  2.4978780e+000
  2.0000000e-001 -2.2325350e+000  7.3000000e-001 -3.3656330e-001  1.5801410e+000
  2.0000000e-001 -2.2413420e+000  7.3000000e-001  3.0416500e+000  2.7440330e+000
  2.0000000e-001 -2.2501490e+000  7.3000000e-001  2.7954090e+000  2.6719480e+000
  2.0000000e-001 -2.2589570e+000  7.3000000e-001  2.1013000e+000  2.4495860e+000
  2.0000000e-001 -2.2677640e+000  7.3000000e-001 -1.8985710e+000  2.3778870e+000
  2.0000000e-001 -2.2765710e+000  7.3000000e-001 -2.3623460e+000  2.5369930e+000
  2.0000000e-001 -2.2853780e+000  7.3000000e-001 -5.5624820e+000  3.3584910e+000
  2.0000000e-001 -2.2941850e+000  7.3000000e-001 -7.9052850e-001  1.8891170e+000
  2.0000000e-001 -2.3029920e+000  7.3000000e-001  4.1424060e+000  3.0352900e+000
  2.0000000e-001 -2.3117990e+000  7.3000000e-001 -1.8599400e-001  1.4312700e+000
  2.0000000e-001 -2.3206060e+000  7.3000000e-001  1.2718240e+000  2.1277520e+000
  2.0000000e-001 -2.3294120e+000  7.3000000e-001 -9.3335600e-001  1.9661040e+000
  2.0000000e-001 -2.3382190e+000  7.3000000e-001 -1.2764690e-001  1.3572770e+000
  2.0000000e-001 -2.3470250e+000  7.3000000e-001 -1.0092910e+000  2.0046350e+000
  2.0000000e-001 -2.3558310e+000  7.3000000e-001  1.2337430e+000  2.1107400e+000
  2.0000000e-001 -2.3646380e+000  7.3000000e-001 -2.5954410e-001  1.5094550e+000
  2.0000000e-001 -2.3734440e+000  7.3000000e-001 -3.8788710e+000  2.9694850e+000
  2.0000000e-001 -2.3822500e+000  7.3000000e-001 -5.2058350e-001  1.7215150e+000
  2.0000000e-001 -2.3910550e+000  7.3000000e-001  2.5632170e+000  2.6010050e+000
  2.0000000e-001 -2.3998610e+000  7.3000000e-001 -2.3418080e-002  1.1530300e+000
  2.0000000e-001 -2.4086670e+000  7.3000000e-001  2.7851660e-001  1.5277470e+000
  2.0000000e-001 -2.4174720e+000  7.3000000e-001  1.5189160e+000  2.2324430e+000
  2.0000000e-001 -2.4262780e+000  7.3000000e-001 -1.3499340e+000  2.1618670e+000
  2.0000000e-001 -2.4350920e+000  7.3000000e-001 -1.8244940e+000  2.3507390e+000
  2.0000000e-001 -2.4438970e+000  7.3000000e-001 -2.0048300e+000  2.4159200e+000
  2.0000000e-001 -2.4527020e+000  7.3000000e-001 -4.4543760e-001  1.6674110e+000
  2.0000000e-001 -2.4615070e+000  7.3000000e-001  1.5119890e-002  1.1229630e+000
  2.0000000e-001 -2.4703120e+000  7.3000000e-001 -7.4526210e-001  1.8632860e+000
  2.0000000e-001 -2.4791170e+000  7.3000000e-001  2.1430970e+000  2.4639320e+000
  2.0000000e-001 -2.4879220e+000  7.3000000e-001 -2.7126320e+000  2.6470070e+000
  2.0000000e-001 -2.4967260e+000  7.3000000e-001 -1.8038560e+000  2.3430770e+000
  2.0000000e-001 -2.5055310e+000  7.3000000e-001 -5.5435430e-001  1.7445500e+000
  2.0000000e-001 -2.5143350e+000  7.3000000e-001 -5.0085970e+000  3.2379900e+000
  2.0000000e-001 -2.5231390e+000  7.3000000e-001 -3.5872210e+000  2.8939960e+000
  2.0000000e-001 -2.5319440e+000  7.3000000e-001  7.3379700e-001  1.8566190e+000
  2.0000000e-001 -2.5407480e+000  7.3000000e-001  2.6654680e-001  1.5162820e+000
  2.0000000e-001 -2.5495510e+000  7.3000000e-001 -1.6597910e+000  2.2883290e+000
  2.0000000e-001 -2.5583550e+000  7.3000000e-001 -7.4879560e-001  1.8653300e+000
  2.0000000e-001 -2.5671590e+000  7.3000000e-001 -2.4241680e+000  2.5569740e+000
  2.0000000e-001 -2.5759630e+000  7.3000000e-001 -5.6074010e+000  3.3679950e+000
  2.0000000e-001 -2.5847660e+000  7.3000000e-001 -3.7251300e+000  2.9300600e+000
  2.0000000e-001 -2.5935700e+000  7.3000000e-001 -4.2215190e+000  3.0546340e+000
  2.0000000e-001 -2.6023730e+000  7.3000000e-001 -2.9221880e+000  2.7094410e+000
  2.0000000e-001 -2.6111760e+000  7.3000000e-001  4.8626580e-001  1.6973280e+000
  2.0000000e-001 -2.6199790e+000  7.3000000e-001  2.0531010e+000  2.4328650e+000
  2.0000000e-001 -2.6287820e+000  7.3000000e-001  1.3253100e+000  2.1512210e+000
  2.0000000e-001 -2.6375840e+000  7.3000000e-001 -4.5366170e+000  3.1299340e+000
  2.0000000e-001 -2.6463870e+000  7.3000000e-001 -4.2035780e+000  3.0502630e+000
  2.0000000e-001 -2.6551900e+000  7.3000000e-001  2.3612510e-001  1.4859270e+000
  2.0000000e-001 -2.6639920e+000  7.3000000e-001 -5.9802060e+000  3.4454460e+000
  2.0000000e-001 -2.6727950e+000  7.3000000e-001 -3.2724010e+000  2.8089780e+000
  2.0000000e-001 -2.6815970e+000  7.3000000e-001 -4.5318120e+000  3.1288050e+000
  2.0000000e-001 -2.6903990e+000  7.3000000e-001 -9.1690420e+000  4.0280420e+000
  2.0000000e-001 -2.6992010e+000  7.3000000e-001 -3.3554520e+000  2.8317890e+000
  2.0000000e-001 -2.7080030e+000  7.3000000e-001  8.8598270e-001  1.9412670e+000
  2.0000000e-001 -2.7168050e+000  7.3000000e-001  1.5712410e+000  2.2534910e+000
  2.0000000e-001 -2.7256060e+000  7.3000000e-001  4.0590580e+000  3.0147100e+000
  2.0000000e-001 -2.7344080e+000  7.3000000e-001  1.8541510e+000  2.3616720e+000
  2.0000000e-001 -2.7432090e+000  7.3000000e-001  7.6412640e-001  1.8741430e+000
  2.0000000e-001 -2.7520100e+000  7.3000000e-001  2.5068910e+000  2.5833160e+000
  2.0000000e-001 -2.7608120e+000  7.3000000e-001 -6.6822590e-001  1.8174510e+000
  2.0000000e-001 -2.7696130e+000  7.3000000e-001 -2.3006200e+000  2.5167790e+000
  2.0000000e-001 -2.7784130e+000  7.3000000e-001 -1.9051690e+000  2.3802790e+000
  2.0000000e-001 -2.7872140e+000  7.3000000e-001 -2.7759610e+000  2.6661220e+000
  2.0000000e-001 -2.7960150e+000  7.3000000e-001 -4.7790490e+000  3.1861040e+000
  2.0000000e-001 -2.8048150e+000  7.3000000e-001 -6.5034360e+000  3.5501840e+000
  2.0000000e-001 -2.8136160e+000  7.3000000e-001 -3.1990430e+000  2.7885870e+000
  2.0000000e-001 -2.8224160e+000  7.3000000e-001 -2.1407570e+000  2.4631320e+000
  2.0000000e-001 -2.8312160e+000  7.3000000e-001 -3.4382410e+000  2.8542490e+000
  2.0000000e-001 -2.8400160e+000  7.3000000e-001 -4.7858790e+000  3.1876650e+000
  2.0000000e-001 -2.8488160e+000  7.3000000e-001 -4.4652590e+000  3.1131160e+000
  2.0000000e-001 -2.8576160e+000  7.3000000e-001 -2.0776420e+000  2.4414030e+000
  2.0000000e-001 -2.8664160e+000  7.3000000e-001 -1.7288360e+000  2.3148520e+000
  2.0000000e-001 -2.8752150e+000  7.3000000e-001  6.8268690e-001  1.8262490e+000
  2.0000000e-001 -2.8840150e+000  7.3000000e-001  1.6767720e-001  1.4094840e+000
  2.0000000e-001 -2.8928140e+000  7.3000000e-001 -3.5237300e+000  2.8771600e+000
  2.0000000e-001 -2.9016130e+000  7.3000000e-001 -2.6552460e+000  2.6294930e+000
  2.0000000e-001 -2.9104120e+000  7.3000000e-001 -4.8207240e+000  3.1956150e+000
  2.0000000e-001 -2.9192110e+000  7.3000000e-001 -4.3296710e+000  3.0807860e+000
  2.0000000e-001 -2.9280100e+000  7.3000000e-001 -5.5805620e+000  3.3623210e+000
  2.0000000e-001 -2.9368090e+000  7.3000000e-001 -3.5850680e+000  2.8934270e+000
  2.0000000e-001 -2.9456070e+000  7.3000000e-001 -3.7436550e+000  2.9348530e+000
  2.0000000e-001 -2.9544050e+000  7.3000000e-001 -4.9630270e+000  3.2277850e+000
  2.0000000e-001 -2.9632040e+000  7.3000000e-001 -4.2618520e+000  3.0644250e+000
  2.0000000e-001 -2.9720020e+000  7.3000000e-001 -3.2521360e+000  2.8033680e+000
  2.0000000e-001 -2.9808000e+000  7.3000000e-001 -5.0805700e+000  3.2540120e+000
  2.0000000e-001 -2.9895980e+000  7.3000000e-001 -6.2129190e+000  3.4925730e+000
  2.0000000e-001 -2.9983950e+000  7.3000000e-001 -8.4933940e+000  3.9143430e+000
  2.0000000e-001 -3.0071930e+000  7.3000000e-001 -6.2787080e+000  3.5057350e+000
  2.0000000e-001 -3.0159900e+000  7.3000000e-001 -5.3783000e+000  3.3191160e+000
  2.0000000e-001 -3.0247880e+000  7.3000000e-001 -2.2146210e+000  2.4881600e+000
  2.0000000e-001 -3.0335850e+000  7.3000000e-001 -4.1451470e+000  3.0359640e+000
  2.0000000e-001 -3.0423820e+000  7.3000000e-001 -1.0806550e+000  2.0395460e+000
  2.0000000e-001 -3.0511790e+000  7.3000000e-001 -2.4969070e+000  2.5801600e+000
  2.0000000e-001 -3.0599760e+000  7.3000000e-001 -4.6139520e+000  3.1480110e+000
  2.0000000e-001 -3.0687730e+000  7.3000000e-001 -5.9260790e+000  3.4343540e+000
  2.0000000e-001 -3.0775690e+000  7.3000000e-001 -7.0159560e+000  3.6487650e+000
  2.0000000e-001 -3.0863650e+000  7.3000000e-001 -3.0283140e+000  2.7402050e+000
  2.0000000e-001 -3.0951620e+000  7.3000000e-001 -4.5864040e+000  3.1415890e+000
  2.0000000e-001 -3.1039580e+000  7.3000000e-001 -4.4438470e+000  3.1080430e+000
  2.0000000e-001 -3.1127540e+000  7.3000000e-001 -6.0680200e+000  3.4633350e+000
  2.0000000e-001 -3.1215500e+000  7.3000000e-001 -6.1771680e+000  3.4853910e+000
  2.0000000e-001 -3.1303450e+000  7.3000000e-001 -6.4724880e+000  3.5441080e+000
  2.0000000e-001 -3.1391410e+000  7.3000000e-001 -4.9875630e+000  3.2332850e+000
  2.0000000e-001 -3.1479360e+000  7.3000000e-001 -4.9347010e+000  3.2214190e+000
  2.0000000e-001 -3.1567320e+000  7.3000000e-001 -4.5741930e+000  3.1387360e+000
  2.0000000e-001 -3.1655270e+000  7.3000000e-001 -8.4795640e+000  3.9119690e+000
  2.0000000e-001 -3.1743220e+000  7.3000000e-001 -5.7831180e+000  3.4048110e+000
  2.0000000e-001 -3.1831170e+000  7.3000000e-001 -4.6506660e+000  3.1565400e+000
  2.0000000e-001 -3.1919110e+000  7.3000000e-001 -1.1889300e+001  4.4480860e+000
  2.0000000e-001 -3.2007060e+000  7.3000000e-001 -2.2660710e+001  5.7603260e+000
  2.0000000e-001 -3.2095010e+000  7.3000000e-001 -3.9929660e+001  7.3189920e+000
  2.0000000e-001 -3.2182950e+000  7.3000000e-001 -5.7758820e+001  8.5999220e+000
  2.0000000e-001 -3.2270890e+000  7.3000000e-001 -7.9427240e+001  9.9121960e+000
  2.0000000e-001 -3.2358830e+000  7.3000000e-001 -9.4582460e+001  1.0725350e+001
  2.0000000e-001 -3.2446770e+000  7.3000000e-001 -1.0248980e+002  1.1123720e+001
  2.0000000e-001 -3.2534710e+000  7.3000000e-001 -1.0300000e+002  1.1148890e+001
  2.0000000e-001 -3.2622640e+000  7.3000000e-001 -1.0300000e+002  1.1148890e+001
  2.0000000e-001 -3.2710580e+000  7.3000000e-001 -1.0300000e+002  1.1148890e+001
  2.0000000e-001 -3.2798510e+000  7.3000000e-001 -1.0300000e+002  1.1148890e+001
  2.0000000e-001 -3.2886440e+000  7.3000000e-001 -1.0300000e+002  1.1148890e+001
  2.0000000e-001 -3.2974370e+000  7.3000000e-001 -1.0300000e+002  1.1148890e+001
  2.0000000e-001 -3.3062300e+000  7.3000000e-001 -1.0300000e+002  1.1148890e+001
  2.0000000e-001 -3.3150230e+000  7.3000000e-001 -1.0300000e+002  1.1148890e+001
  2.0000000e-001 -3.3238150e+000  7.3000000e-001 -1.0300000e+002  1.1148890e+001
  2.0000000e-001 -3.3326080e+000  7.3000000e-001 -1.0300000e+002  1.1148890e+001
  2.0000000e-001 -3.3414000e+000  7.3000000e-001 -1.0300000e+002  1.1148890e+001
  2.0000000e-001 -3.3501920e+000  7.3000000e-001 -1.0300000e+002  1.1148890e+001
  2.0000000e-001 -3.3589840e+000  7.3000000e-001 -1.0300000e+002  1.1148890e+001
  2.0000000e-001 -3.3677760e+000  7.3000000e-001 -1.0300000e+002  1.1148890e+001
  2.0000000e-001 -3.3765680e+000  7.3000000e-001 -1.0300000e+002  1.1148890e+001
  2.0000000e-001 -3.3853590e+000  7.3000000e-001 -1.0300000e+002  1.1148890e+001
  2.0000000e-001 -3.3941510e+000  7.3000000e-001 -1.0300000e+002  1.1148890e+001
  2.0000000e-001 -3.4029420e+000  7.3000000e-001 -1.0300000e+002  1.1148890e+001
  2.0000000e-001 -3.4117330e+000  7.3000000e-001 -1.0300000e+002  1.1148890e+001
  2.0000000e-001 -3.4205240e+000  7.3000000e-001 -1.0300000e+002  1.1148890e+001
  2.0000000e-001 -3.4293150e+000  7.3000000e-001 -1.0300000e+002  1.1148890e+001
  2.0000000e-001 -3.4381050e+000  7.3000000e-001 -1.0300000e+002  1.1148890e+001
  2.0000000e-001 -3.4468960e+000  7.3000000e-001 -1.0300000e+002  1.1148890e+001
  2.0000000e-001 -3.4556860e+000  7.3000000e-001 -1.0300000e+002  1.1148890e+001
  2.0000000e-001 -3.4644760e+000  7.3000000e-001 -1.0300000e+002  1.1148890e+001
  2.0000000e-001 -3.4732660e+000  7.3000000e-001 -1.0300000e+002  1.1148890e+001
  2.0000000e-001 -3.4820560e+000  7.3000000e-001 -1.0300000e+002  1.1148890e+001
  2.0000000e-001 -3.4908460e+000  7.3000000e-001 -1.0300000e+002  1.1148890e+001
  2.0000000e-001 -3.4996350e+000  7.3000000e-001 -1.0300000e+002  1.1148890e+001
  2.0000000e-001 -3.5084250e+000  7.3000000e-001 -1.0300000e+002  1.1148890e+001
  2.0000000e-001 -3.5172140e+000  7.3000000e-001 -1.0300000e+002  1.1148890e+001
  2.0000000e-001 -3.5260030e+000  7.3000000e-001 -1.0300000e+002  1.1148890e+001
  2.0000000e-001 -3.5347920e+000  7.3000000e-001 -1.0300000e+002  1.1148890e+001
  2.0000000e-001 -3.5435810e+000  7.3000000e-001 -1.0300000e+002  1.1148890e+001
  2.0000000e-001 -3.5523700e+000  7.3000000e-001 -1.0300000e+002  1.1148890e+001
  2.0000000e-001 -3.5611580e+000  7.3000000e-001 -1.0300000e+002  1.1148890e+001
  2.0000000e-001 -3.5699460e+000  7.3000000e-001 -1.0300000e+002  1.1148890e+001
  2.0000000e-001 -3.5787340e+000  7.3000000e-001 -1.0300000e+002  1.1148890e+001
  2.0000000e-001 -3.5875230e+000  7.3000000e-001 -1.0300000e+002  1.1148890e+001
  2.0000000e-001 -3.5963100e+000  7.3000000e-001 -1.0300000e+002  1.1148890e+001
  2.0000000e-001 -3.6050980e+000  7.3000000e-001 -1.0300000e+002  1.1148890e+001
  2.0000000e-001 -3.6138850e+000  7.3000000e-001 -1.0300000e+002  1.1148890e+001
  2.0000000e-001 -3.6226730e+000  7.3000000e-001 -1.0300000e+002  1.1148890e+001
  2.0000000e-001 -3.6314600e+000  7.3000000e-001 -1.0300000e+002  1.1148890e+001
  2.0000000e-001 -3.6402470e+000  7.3000000e-001 -1.0300000e+002  1.1148890e+001
  2.0000000e-001 -3.6490340e+000  7.3000000e-001 -1.0300000e+002  1.1148890e+001
  2.0000000e-001 -3.6578200e+000  7.3000000e-001 -1.0300000e+002  1.1148890e+001
  2.0000000e-001 -3.6666070e+000  7.3000000e-001 -1.0300000e+002  1.1148890e+001
  2.0000000e-001 -3.6753930e+000  7.3000000e-001 -1.0300000e+002  1.1148890e+001
