0.2	5.324727	1.454772	-103	11.14889
0.2	5.31599	1.454772	-103	11.14889
0.2	5.307252	1.454772	-103	11.14889
0.2	5.298515	1.454772	-103	11.14889
0.2	5.289777	1.454772	-103	11.14889
0.2	5.281039	1.454772	-103	11.14889
0.2	5.272301	1.454772	-103	11.14889
0.2	5.263562	1.454772	-103	11.14889
0.2	5.254823	1.454772	-103	11.14889
0.2	5.246084	1.454772	-103	11.14889
0.2	5.237344	1.454772	-103	11.14889
0.2	5.228605	1.454772	-103	11.14889
0.2	5.219865	1.454772	-103	11.14889
0.2	5.211125	1.454772	-103	11.14889
0.2	5.202384	1.454772	-103	11.14889
0.2	5.193644	1.454772	-103	11.14889
0.2	5.184903	1.454772	-103	11.14889
0.2	5.176162	1.454772	-103	11.14889
0.2	5.16742	1.454772	-103	11.14889
0.2	5.158679	1.454772	-103	11.14889
0.2	5.149937	1.454772	-103	11.14889
0.2	5.141195	1.454772	-103	11.14889
0.2	5.132452	1.454772	-103	11.14889
0.2	5.12371	1.454772	-103	11.14889
0.2	5.114967	1.454772	-103	11.14889
0.2	5.106224	1.454772	-103	11.14889
0.2	5.09748	1.454772	-103	11.14889
0.2	5.088737	1.454772	-103	11.14889
0.2	5.079993	1.454772	-103	11.14889
0.2	5.071249	1.454772	-103	11.14889
0.2	5.062504	1.454772	-103	11.14889
0.2	5.05376	1.454772	-103	11.14889
0.2	5.045014	1.454772	-103	11.14889
0.2	5.03627	1.454772	-103	11.14889
0.2	5.027524	1.454772	-103	11.14889
0.2	5.018778	1.454772	-103	11.14889
0.2	5.010033	1.454772	-103	11.14889
0.2	5.001287	1.454772	-103	11.14889
0.2	4.99254	1.454772	-103	11.14889
0.2	4.983794	1.454772	-103	11.14889
0.2	4.975047	1.454772	-103	11.14889
0.2	4.9663	1.454772	-103	11.14889
0.2	4.957552	1.454772	-103	11.14889
0.2	4.948805	1.454772	-103	11.14889
0.2	4.940057	1.454772	-103	11.14889
0.2	4.931309	1.454772	-103	11.14889
0.2	4.922561	1.454772	-102.9957	11.14868
0.2	4.913812	1.454772	-102.2906	11.11388
0.2	4.905064	1.454772	-70.82503	9.415761
0.2	4.896315	1.454772	-24.32008	5.931539
0.2	4.887565	1.454772	26.77337	6.1743
0.2	4.878816	1.454772	83.10181	10.11602
0.2	4.870066	1.454772	115.9526	11.76813
0.2	4.861316	1.454772	148.9892	13.20611
0.2	4.852566	1.454772	163.4109	13.78323
0.2	4.843816	1.454772	170.075	14.04128
0.2	4.835065	1.454772	171.9837	14.11425
0.2	4.826314	1.454772	168.2838	13.97242
0.2	4.817563	1.454772	170.8103	14.06944
0.2	4.808812	1.454772	172.0092	14.11523
0.2	4.80006	1.454772	174.23	14.19962
0.2	4.791308	1.454772	176.3076	14.27809
0.2	4.782547	1.454772	176.2944	14.27759
0.2	4.773795	1.454772	175.5726	14.25038
0.2	4.765043	1.454772	174.4315	14.20725
0.2	4.75629	1.454772	178.3941	14.35643
0.2	4.747537	1.454772	177.7854	14.33362
0.2	4.738784	1.454772	175.8079	14.25926
0.2	4.73003	1.454772	176.7458	14.29458
0.2	4.721276	1.454772	179.2722	14.38926
0.2	4.712523	1.454772	183.202	14.53521
0.2	4.703768	1.454772	194.5218	14.94711
0.2	4.695014	1.454772	188.8062	14.74068
0.2	4.686259	1.454772	186.268	14.648
0.2	4.677505	1.454772	189.2318	14.75616
0.2	4.66875	1.454772	184.1974	14.57193
0.2	4.659994	1.454772	181.1703	14.45995
0.2	4.651239	1.454772	176.6125	14.28956
0.2	4.642483	1.454772	179.7001	14.40523
0.2	4.633727	1.454772	178.477	14.35953
0.2	4.624971	1.454772	181.7229	14.48046
0.2	4.616215	1.454772	187.0866	14.67796
0.2	4.607458	1.454772	179.8629	14.4113
0.2	4.598701	1.454772	182.8542	14.52236
0.2	4.589944	1.454772	186.3871	14.65237
0.2	4.581187	1.454772	183.3088	14.53916
0.2	4.572429	1.454772	183.0012	14.52779
0.2	4.563671	1.454772	184.7186	14.59112
0.2	4.554914	1.454772	183.8926	14.5607
0.2	4.546155	1.454772	189.0401	14.74919
0.2	4.537397	1.454772	181.6584	14.47807
0.2	4.528638	1.454772	186.3747	14.65191
0.2	4.519879	1.454772	190.1262	14.78863
0.2	4.51112	1.454772	190.5064	14.8024
0.2	4.502361	1.454772	186.6869	14.66334
0.2	4.493601	1.454772	185.8138	14.63135
0.2	4.484841	1.454772	183.0204	14.5285
0.2	4.476081	1.454772	186.5655	14.6589
0.2	4.467321	1.454772	182.3669	14.50433
0.2	4.458561	1.454772	193.3018	14.9033
0.2	4.4498	1.454772	186.831	14.66862
0.2	4.44104	1.454772	189.1351	14.75264
0.2	4.432278	1.454772	192.8458	14.88689
0.2	4.423517	1.454772	181.1284	14.4584
0.2	4.414755	1.454772	190.2837	14.79434
0.2	4.405994	1.454772	190.6825	14.80878
0.2	4.397232	1.454772	186.8416	14.669
0.2	4.38847	1.454772	186.7952	14.6673
0.2	4.379707	1.454772	186.748	14.66558
0.2	4.370945	1.454772	188.2061	14.71882
0.2	4.362182	1.454772	189.0882	14.75093
0.2	4.353419	1.454772	190.9834	14.81967
0.2	4.344656	1.454772	191.0678	14.82273
0.2	4.335892	1.454772	187.4591	14.69157
0.2	4.327129	1.454772	183.5757	14.54901
0.2	4.318365	1.454772	188.5536	14.73148
0.2	4.309601	1.454772	191.8415	14.85068
0.2	4.300837	1.454772	188.9879	14.74729
0.2	4.292072	1.454772	190.7367	14.81075
0.2	4.283308	1.454772	194.5922	14.94963
0.2	4.274542	1.454772	189.3754	14.76137
0.2	4.265777	1.454772	187.4412	14.69092
0.2	4.257012	1.454772	190.6036	14.80592
0.2	4.248247	1.454772	193.5894	14.91364
0.2	4.23948	1.454772	195.9747	14.99909
0.2	4.230715	1.454772	202.1483	15.21789
0.2	4.221949	1.454772	200.5833	15.16274
0.2	4.213182	1.454772	191.0773	14.82307
0.2	4.204416	1.454772	195.0746	14.96691
0.2	4.195649	1.454772	201.0597	15.17955
0.2	4.186882	1.454772	199.7973	15.13497
0.2	4.178114	1.454772	196.7036	15.02511
0.2	4.169347	1.454772	200.0896	15.1453
0.2	4.16058	1.454772	200.7237	15.1677
0.2	4.151812	1.454772	203.6096	15.26918
0.2	4.143044	1.454772	197.581	15.05635
0.2	4.134275	1.454772	204.2652	15.29214
0.2	4.125507	1.454772	200.9124	15.17436
0.2	4.116738	1.454772	200.7028	15.16696
0.2	4.10797	1.454772	198.9368	15.1045
0.2	4.099201	1.454772	197.2039	15.04293
0.2	4.090431	1.454772	202.0345	15.21388
0.2	4.081662	1.454772	203.228	15.25581
0.2	4.072892	1.454772	203.5704	15.26781
0.2	4.064123	1.454772	198.0794	15.07407
0.2	4.055353	1.454772	201.7846	15.20509
0.2	4.046582	1.454772	210.2359	15.49951
0.2	4.037812	1.454772	203.3898	15.26148
0.2	4.029041	1.454772	196.7552	15.02695
0.2	4.02027	1.454772	200.6905	15.16653
0.2	4.011499	1.454772	201.2393	15.18589
0.2	4.002728	1.454772	209.4264	15.47157
0.2	3.993957	1.454772	211.5387	15.54437
0.2	3.985185	1.454772	206.4837	15.36954
0.2	3.976413	1.454772	203.1656	15.25362
0.2	3.967641	1.454772	214.9633	15.66163
0.2	3.958869	1.454772	205.1525	15.32314
0.2	3.950097	1.454772	203.3993	15.26181
0.2	3.941324	1.454772	216.6831	15.72016
0.2	3.932551	1.454772	210.8686	15.52131
0.2	3.923778	1.454772	206.2513	15.36145
0.2	3.915005	1.454772	207.9131	15.41919
0.2	3.906232	1.454772	211.7457	15.55149
0.2	3.897458	1.454772	214.578	15.64848
0.2	3.888684	1.454772	214.9589	15.66148
0.2	3.87991	1.454772	216.5482	15.71558
0.2	3.871136	1.454772	210.7034	15.51563
0.2	3.862362	1.454772	203.4899	15.26499
0.2	3.853587	1.454772	211.1176	15.52989
0.2	3.844813	1.454772	208.2997	15.43259
0.2	3.836038	1.454772	214.613	15.64968
0.2	3.827263	1.454772	212.2721	15.56956
0.2	3.818487	1.454772	214.2815	15.63836
0.2	3.809712	1.454772	216.3992	15.71052
0.2	3.800936	1.454772	211.3319	15.53726
0.2	3.79216	1.454772	206.9593	15.38608
0.2	3.783384	1.454772	206.1835	15.35909
0.2	3.774608	1.454772	210.6123	15.51249
0.2	3.765831	1.454772	214.7473	15.65426
0.2	3.757055	1.454772	217.8871	15.761
0.2	3.748278	1.454772	216.4891	15.71357
0.2	3.739501	1.454772	214.3125	15.63942
0.2	3.730724	1.454772	217.6283	15.75223
0.2	3.721947	1.454772	220.0389	15.83371
0.2	3.713169	1.454772	216.5343	15.7151
0.2	3.704391	1.454772	220.2387	15.84044
0.2	3.695614	1.454772	221.9953	15.89951
0.2	3.686836	1.454772	212.1956	15.56694
0.2	3.678057	1.454772	214.5603	15.64788
0.2	3.669279	1.454772	218.0057	15.76502
0.2	3.6605	1.454772	217.9598	15.76346
0.2	3.651721	1.454772	215.6106	15.68368
0.2	3.642942	1.454772	213.7489	15.62015
0.2	3.634163	1.454772	216.9661	15.72977
0.2	3.625384	1.454772	222.659	15.92176
0.2	3.616604	1.454772	225.7704	16.02566
0.2	3.607825	1.454772	222.7557	15.925
0.2	3.599045	1.454772	219.9809	15.83175
0.2	3.590265	1.454772	224.4744	15.98247
0.2	3.581484	1.454772	225.0646	16.00215
0.2	3.572704	1.454772	220.2062	15.83935
0.2	3.563923	1.454772	222.3436	15.91119
0.2	3.555143	1.454772	225.8243	16.02745
0.2	3.546362	1.454772	233.1613	16.26962
0.2	3.53758	1.454772	232.0814	16.23422
0.2	3.528799	1.454772	228.4741	16.11536
0.2	3.520018	1.454772	221.5026	15.88296
0.2	3.511236	1.454772	222.2734	15.90884
0.2	3.502454	1.454772	224.175	15.97248
0.2	3.493672	1.454772	223.9116	15.96367
0.2	3.48489	1.454772	232.9259	16.26191
0.2	3.476108	1.454772	233.2045	16.27103
0.2	3.467325	1.454772	228.6292	16.12049
0.2	3.458543	1.454772	237.2033	16.40141
0.2	3.44976	1.454772	238.2125	16.43414
0.2	3.440977	1.454772	235.6157	16.34978
0.2	3.432193	1.454772	237.961	16.42599
0.2	3.42341	1.454772	238.8596	16.45508
0.2	3.414626	1.454772	237.3859	16.40733
0.2	3.405843	1.454772	233.3037	16.27428
0.2	3.397059	1.454772	238.6862	16.44947
0.2	3.388275	1.454772	230.7589	16.19075
0.2	3.37949	1.454772	236.7623	16.38708
0.2	3.370706	1.454772	240.3831	16.50429
0.2	3.361922	1.454772	236.1647	16.36765
0.2	3.353137	1.454772	234.6507	16.31831
0.2	3.344343	1.454772	236.6924	16.38481
0.2	3.335558	1.454772	235.8827	16.35847
0.2	3.326773	1.454772	237.6767	16.41677
0.2	3.317987	1.454772	239.2984	16.46927
0.2	3.309202	1.454772	244.5297	16.63745
0.2	3.300416	1.454772	237.3275	16.40544
0.2	3.29163	1.454772	238.1911	16.43344
0.2	3.282844	1.454772	235.6556	16.35108
0.2	3.274058	1.454772	240.4256	16.50566
0.2	3.265271	1.454772	237.6735	16.41666
0.2	3.256485	1.454772	245.4617	16.66722
0.2	3.247698	1.454772	252.6211	16.89406
0.2	3.238911	1.454772	244.7108	16.64323
0.2	3.230124	1.454772	247.7802	16.74104
0.2	3.221337	1.454772	251.0431	16.84434
0.2	3.21255	1.454772	243.8731	16.61644
0.2	3.203762	1.454772	251.1882	16.84892
0.2	3.194974	1.454772	247.7971	16.74157
0.2	3.186187	1.454772	243.9479	16.61883
0.2	3.177399	1.454772	245.0591	16.65436
0.2	3.168611	1.454772	246.8999	16.71305
0.2	3.159822	1.454772	245.8914	16.68093
0.2	3.151034	1.454772	248.3535	16.75924
0.2	3.142245	1.454772	251.2126	16.84969
0.2	3.133456	1.454772	247.5005	16.73215
0.2	3.124667	1.454772	249.489	16.79522
0.2	3.115878	1.454772	247.9855	16.74756
0.2	3.107089	1.454772	252.3088	16.88423
0.2	3.0983	1.454772	253.4761	16.92093
0.2	3.08951	1.454772	256.9333	17.02914
0.2	3.08072	1.454772	262.5378	17.20302
0.2	3.07193	1.454772	260.861	17.15119
0.2	3.06314	1.454772	267.103	17.34329
0.2	3.05435	1.454772	260.6281	17.14398
0.2	3.04556	1.454772	254.5988	16.95615
0.2	3.036769	1.454772	255.455	16.98296
0.2	3.027979	1.454772	255.2713	16.97721
0.2	3.019188	1.454772	268.8382	17.39629
0.2	3.010397	1.454772	271.4185	17.47478
0.2	3.001606	1.454772	265.5892	17.29691
0.2	2.992814	1.454772	262.2676	17.19468
0.2	2.984023	1.454772	260.5092	17.1403
0.2	2.975231	1.454772	253.5036	16.9218
0.2	2.96644	1.454772	254.8231	16.96318
0.2	2.957648	1.454772	261.0758	17.15784
0.2	2.948856	1.454772	264.6177	17.26707
0.2	2.940064	1.454772	256.7553	17.02359
0.2	2.931271	1.454772	263.1709	17.22254
0.2	2.922479	1.454772	261.1057	17.15876
0.2	2.913686	1.454772	254.347	16.94826
0.2	2.904894	1.454772	264.5044	17.26359
0.2	2.896101	1.454772	268.1823	17.37627
0.2	2.887308	1.454772	273.4053	17.53497
0.2	2.878515	1.454772	270.6576	17.45168
0.2	2.869721	1.454772	277.3344	17.65336
0.2	2.860928	1.454772	266.2877	17.31832
0.2	2.852134	1.454772	272.2639	17.50042
0.2	2.84334	1.454772	263.3178	17.22707
0.2	2.834546	1.454772	261.4714	17.17008
0.2	2.825752	1.454772	260.9235	17.15313
0.2	2.816958	1.454772	279.8455	17.72858
0.2	2.808164	1.454772	279.2218	17.70993
0.2	2.799369	1.454772	276.9005	17.64033
0.2	2.790575	1.454772	277.7104	17.66464
0.2	2.78178	1.454772	271.8659	17.48836
0.2	2.772985	1.454772	266.6362	17.329
0.2	2.76419	1.454772	277.9533	17.67193
0.2	2.755395	1.454772	282.9953	17.82246
0.2	2.746599	1.454772	285.3071	17.89104
0.2	2.737804	1.454772	284.9519	17.88052
0.2	2.729008	1.454772	284.955	17.88061
0.2	2.720213	1.454772	281.8815	17.78933
0.2	2.711417	1.454772	279.9645	17.73214
0.2	2.702621	1.454772	282.3983	17.80471
0.2	2.693825	1.454772	279.2053	17.70944
0.2	2.685028	1.454772	278.9873	17.70291
0.2	2.676232	1.454772	278.1245	17.67707
0.2	2.667435	1.454772	278.3714	17.68447
0.2	2.658639	1.454772	280.1468	17.73759
0.2	2.649842	1.454772	290.4102	18.04143
0.2	2.641045	1.454772	295.5862	18.19262
0.2	2.632248	1.454772	290.2883	18.03785
0.2	2.623451	1.454772	288.6663	17.99018
0.2	2.614653	1.454772	288.4903	17.985
0.2	2.605856	1.454772	284.9893	17.88163
0.2	2.597058	1.454772	284.0019	17.85236
0.2	2.58826	1.454772	290.7903	18.05257
0.2	2.579463	1.454772	294.8492	18.17117
0.2	2.570664	1.454772	296.696	18.22487
0.2	2.561866	1.454772	297.8981	18.25973
0.2	2.553068	1.454772	298.2141	18.26888
0.2	2.54427	1.454772	299.8827	18.31712
0.2	2.535471	1.454772	299.3221	18.30093
0.2	2.526672	1.454772	297.6917	18.25374
0.2	2.517874	1.454772	300.441	18.33323
0.2	2.509075	1.454772	300.4351	18.33306
0.2	2.500276	1.454772	299.2493	18.29882
0.2	2.491477	1.454772	303.2198	18.41321
0.2	2.482677	1.454772	306.4803	18.50658
0.2	2.473878	1.454772	306.8817	18.51804
0.2	2.465078	1.454772	304.3891	18.44675
0.2	2.456279	1.454772	307.0917	18.52403
0.2	2.447479	1.454772	308.5999	18.56701
0.2	2.438679	1.454772	303.9995	18.43558
0.2	2.429879	1.454772	308.3721	18.56053
0.2	2.421078	1.454772	306.3483	18.50281
0.2	2.412278	1.454772	308.5833	18.56654
0.2	2.403478	1.454772	313.552	18.7074
0.2	2.394677	1.454772	313.9439	18.71846
0.2	2.385876	1.454772	310.0985	18.60962
0.2	2.377076	1.454772	313.6516	18.71021
0.2	2.368275	1.454772	315.3662	18.75855
0.2	2.359474	1.454772	320.7136	18.90848
0.2	2.350672	1.454772	319.2358	18.86717
0.2	2.341871	1.454772	319.2259	18.86689
0.2	2.33307	1.454772	322.165	18.94896
0.2	2.324268	1.454772	322.026	18.94508
0.2	2.315467	1.454772	320.8696	18.91283
0.2	2.306665	1.454772	313.1222	18.69526
0.2	2.297863	1.454772	317.1729	18.80935
0.2	2.289061	1.454772	325.0356	19.02874
0.2	2.280259	1.454772	333.1157	19.25146
0.2	2.271457	1.454772	333.2484	19.25509
0.2	2.262654	1.454772	322.93	18.97025
0.2	2.253852	1.454772	321.3623	18.92658
0.2	2.245049	1.454772	324.377	19.01047
0.2	2.236247	1.454772	332.3929	19.23165
0.2	2.227444	1.454772	332.3312	19.22995
0.2	2.218641	1.454772	328.2217	19.11689
0.2	2.209838	1.454772	337.3447	19.36695
0.2	2.201035	1.454772	330.7477	19.18647
0.2	2.192231	1.454772	333.6827	19.26698
0.2	2.183428	1.454772	333.3224	19.25712
0.2	2.174624	1.454772	334.4038	19.28671
0.2	2.165821	1.454772	343.9685	19.54639
0.2	2.157017	1.454772	342.0916	19.49572
0.2	2.148213	1.454772	339.4931	19.42534
0.2	2.139409	1.454772	332.0561	19.22241
0.2	2.130605	1.454772	334.4044	19.28673
0.2	2.121801	1.454772	338.9279	19.41
0.2	2.112997	1.454772	338.7748	19.40584
0.2	2.104192	1.454772	333.9518	19.27435
0.2	2.095388	1.454772	344.0651	19.54899
0.2	2.086583	1.454772	350.9659	19.73409
0.2	2.077779	1.454772	336.4666	19.34303
0.2	2.068974	1.454772	342.326	19.50205
0.2	2.060169	1.454772	347.5844	19.64362
0.2	2.051364	1.454772	352.0221	19.76225
0.2	2.042559	1.454772	352.133	19.76521
0.2	2.033754	1.454772	351.867	19.75812
0.2	2.024948	1.454772	353.5313	19.80243
0.2	2.016143	1.454772	350.5991	19.72429
0.2	2.007337	1.454772	354.8059	19.83629
0.2	1.998531	1.454772	361.084	20.00221
0.2	1.989726	1.454772	358.9547	19.9461
0.2	1.98092	1.454772	356.3005	19.87592
0.2	1.972114	1.454772	357.3164	19.90281
0.2	1.963308	1.454772	358.794	19.94186
0.2	1.954502	1.454772	356.4079	19.87877
0.2	1.945695	1.454772	359.8152	19.9688
0.2	1.936889	1.454772	362.0169	20.02674
0.2	1.928082	1.454772	366.4548	20.14301
0.2	1.919276	1.454772	366.0827	20.13329
0.2	1.910469	1.454772	366.6775	20.14882
0.2	1.901654	1.454772	361.5669	20.01491
0.2	1.892847	1.454772	365.5752	20.12002
0.2	1.88404	1.454772	366.4991	20.14417
0.2	1.875233	1.454772	364.0289	20.07954
0.2	1.866426	1.454772	363.9791	20.07824
0.2	1.857618	1.454772	370.6344	20.25187
0.2	1.848811	1.454772	379.1944	20.47292
0.2	1.840003	1.454772	377.1759	20.42102
0.2	1.831196	1.454772	374.1801	20.34374
0.2	1.822388	1.454772	377.9226	20.44023
0.2	1.81358	1.454772	377.0572	20.41796
0.2	1.804773	1.454772	384.8615	20.61789
0.2	1.795965	1.454772	375.3627	20.37428
0.2	1.787157	1.454772	382.2388	20.55093
0.2	1.778348	1.454772	379.9894	20.49332
0.2	1.76954	1.454772	389.3761	20.73261
0.2	1.760732	1.454772	398.0465	20.9511
0.2	1.751923	1.454772	392.0104	20.79925
0.2	1.743115	1.454772	386.0221	20.64745
0.2	1.734306	1.454772	378.4615	20.45409
0.2	1.725498	1.454772	379.3203	20.47614
0.2	1.716689	1.454772	389.7771	20.74277
0.2	1.70788	1.454772	392.6417	20.81519
0.2	1.699071	1.454772	392.7063	20.81682
0.2	1.690262	1.454772	395.9866	20.89941
0.2	1.681453	1.454772	389.9704	20.74767
0.2	1.672644	1.454772	389.1702	20.7274
0.2	1.663834	1.454772	393.6648	20.84099
0.2	1.655025	1.454772	399.0809	20.97701
0.2	1.646215	1.454772	398.5221	20.96302
0.2	1.637406	1.454772	399.7278	20.99319
0.2	1.628596	1.454772	393.1864	20.82893
0.2	1.619786	1.454772	392.9922	20.82403
0.2	1.610977	1.454772	401.7294	21.04319
0.2	1.602167	1.454772	408.6454	21.21498
0.2	1.593357	1.454772	408.3206	21.20695
0.2	1.584547	1.454772	401.2812	21.032
0.2	1.575736	1.454772	400.9265	21.02315
0.2	1.566926	1.454772	400.822	21.02054
0.2	1.558116	1.454772	398.7991	20.96996
0.2	1.549305	1.454772	396.7352	20.91821
0.2	1.540495	1.454772	404.1339	21.10308
0.2	1.531684	1.454772	409.3521	21.23245
0.2	1.522874	1.454772	411.1682	21.27728
0.2	1.514063	1.454772	408.6329	21.21467
0.2	1.505252	1.454772	410.8269	21.26887
0.2	1.496441	1.454772	405.2463	21.13073
0.2	1.48763	1.454772	409.9081	21.24619
0.2	1.478819	1.454772	410.3697	21.25758
0.2	1.470008	1.454772	410.3665	21.2575
0.2	1.461196	1.454772	411.8825	21.29489
0.2	1.452385	1.454772	403.1407	21.07837
0.2	1.443574	1.454772	413.2183	21.32777
0.2	1.434762	1.454772	411.3812	21.28253
0.2	1.425951	1.454772	421.5901	21.53266
0.2	1.417139	1.454772	424.4782	21.60287
0.2	1.408327	1.454772	428.8072	21.70766
0.2	1.399516	1.454772	427.2251	21.66942
0.2	1.390704	1.454772	427.9398	21.68671
0.2	1.381892	1.454772	428.5776	21.70212
0.2	1.37308	1.454772	437.7607	21.92273
0.2	1.364268	1.454772	434.153	21.83634
0.2	1.355456	1.454772	427.1269	21.66705
0.2	1.346643	1.454772	426.0934	21.64203
0.2	1.337831	1.454772	427.8945	21.68561
0.2	1.329019	1.454772	439.4619	21.96335
0.2	1.320206	1.454772	469.1493	22.65985
0.2	1.311394	1.454772	460.6835	22.46354
0.2	1.302581	1.454772	451.9134	22.25826
0.2	1.293768	1.454772	444.6304	22.08626
0.2	1.284956	1.454772	437.9209	21.92656
0.2	1.276143	1.454772	442.6305	22.03878
0.2	1.26733	1.454772	442.7837	22.04243
0.2	1.258517	1.454772	436.2074	21.88558
0.2	1.249704	1.454772	435.2358	21.8623
0.2	1.240891	1.454772	437.9538	21.92735
0.2	1.232078	1.454772	444.5898	22.0853
0.2	1.223265	1.454772	441.5806	22.01382
0.2	1.214451	1.454772	437.9058	21.9262
0.2	1.205638	1.454772	441.6522	22.01552
0.2	1.196825	1.454772	449.9276	22.2115
0.2	1.188011	1.454772	456.8181	22.3733
0.2	1.179198	1.454772	451.755	22.25453
0.2	1.170384	1.454772	443.1959	22.05222
0.2	1.16157	1.454772	446.8973	22.13995
0.2	1.152756	1.454772	448.7975	22.18484
0.2	1.143943	1.454772	458.8879	22.42167
0.2	1.135129	1.454772	470.1211	22.68228
0.2	1.126315	1.454772	458.8122	22.4199
0.2	1.117501	1.454772	443.9492	22.0701
0.2	1.108687	1.454772	445.669	22.11087
0.2	1.099873	1.454772	448.5054	22.17795
0.2	1.091058	1.454772	459.8225	22.44347
0.2	1.082244	1.454772	451.2058	22.24161
0.2	1.07343	1.454772	450.985	22.23641
0.2	1.064616	1.454772	455.1909	22.3352
0.2	1.055801	1.454772	454.9215	22.32889
0.2	1.046987	1.454772	460.1635	22.45142
0.2	1.038172	1.454772	455.4423	22.34109
0.2	1.029357	1.454772	472.5499	22.73821
0.2	1.020543	1.454772	463.7791	22.53553
0.2	1.011728	1.454772	466.9386	22.60876
0.2	1.002913	1.454772	471.3247	22.71001
0.2	0.9940985	1.454772	474.6546	22.78657
0.2	0.9852836	1.454772	473.6529	22.76357
0.2	0.9764687	1.454772	469.4396	22.66656
0.2	0.9676536	1.454772	467.3312	22.61785
0.2	0.9588386	1.454772	469.6133	22.67056
0.2	0.9500235	1.454772	478.8889	22.88353
0.2	0.9412083	1.454772	488.6776	23.10605
0.2	0.9323931	1.454772	484.9827	23.02232
0.2	0.9235778	1.454772	477.6027	22.85412
0.2	0.9147625	1.454772	485.0131	23.02301
0.2	0.9059471	1.454772	478.8271	22.88212
0.2	0.8971317	1.454772	479.5373	22.89834
0.2	0.8883162	1.454772	490.9275	23.15688
0.2	0.8795007	1.454772	490.2434	23.14144
0.2	0.8706851	1.454772	484.6234	23.01416
0.2	0.8618695	1.454772	488.2019	23.09529
0.2	0.8530537	1.454772	482.8211	22.97319
0.2	0.844238	1.454772	500.209	23.36535
0.2	0.8354222	1.454772	496.2849	23.27745
0.2	0.8266064	1.454772	490.7919	23.15382
0.2	0.8177905	1.454772	493.5047	23.21497
0.2	0.8089746	1.454772	503.053	23.42884
0.2	0.8001586	1.454772	487.5673	23.08093
0.2	0.7913426	1.454772	493.856	23.22287
0.2	0.7825265	1.454772	488.1339	23.09375
0.2	0.7737104	1.454772	493.9007	23.22388
0.2	0.7648942	1.454772	490.4956	23.14713
0.2	0.7560779	1.454772	496.0252	23.27162
0.2	0.7472617	1.454772	505.9833	23.49407
0.2	0.7384454	1.454772	504.8947	23.46986
0.2	0.729629	1.454772	503.9986	23.44991
0.2	0.7208127	1.454772	500.2033	23.36522
0.2	0.7119962	1.454772	501.1119	23.38553
0.2	0.7031797	1.454772	506.3117	23.50137
0.2	0.6943632	1.454772	505.2065	23.4768
0.2	0.6855466	1.454772	503.1745	23.43155
0.2	0.67673	1.454772	501.5303	23.39487
0.2	0.6679134	1.454772	499.9677	23.35996
0.2	0.6590967	1.454772	504.5763	23.46278
0.2	0.65028	1.454772	519.0942	23.78364
0.2	0.6414632	1.454772	522.8675	23.8663
0.2	0.6326464	1.454772	507.9972	23.53879
0.2	0.6238295	1.454772	507.4987	23.52773
0.2	0.6150126	1.454772	517.663	23.75221
0.2	0.6061957	1.454772	522.0931	23.84936
0.2	0.5973788	1.454772	526.3303	23.94189
0.2	0.5885618	1.454772	528.6838	23.99313
0.2	0.5797448	1.454772	520.1754	23.80735
0.2	0.5709277	1.454772	537.7886	24.19027
0.2	0.5621105	1.454772	523.721	23.88495
0.2	0.5532934	1.454772	524.3626	23.89897
0.2	0.5444762	1.454772	515.9261	23.71401
0.2	0.535659	1.454772	530.5225	24.03307
0.2	0.5268417	1.454772	541.1197	24.26198
0.2	0.5180244	1.454772	553.4767	24.52609
0.2	0.5092071	1.454772	540.987	24.25913
0.2	0.5003898	1.454772	540.8894	24.25703
0.2	0.4915724	1.454772	548.5837	24.42186
0.2	0.4827549	1.454772	549.7022	24.44573
0.2	0.4739375	1.454772	551.4018	24.48195
0.2	0.46512	1.454772	544.418	24.33277
0.2	0.4562936	1.454772	545.9283	24.36511
0.2	0.4474761	1.454772	554.9041	24.5564
0.2	0.4386585	1.454772	555.6906	24.57309
0.2	0.4298409	1.454772	553.5466	24.52757
0.2	0.4210233	1.454772	553.8644	24.53432
0.2	0.4122056	1.454772	558.8173	24.63932
0.2	0.4033879	1.454772	565.0989	24.77181
0.2	0.3945702	1.454772	574.5152	24.96905
0.2	0.3857524	1.454772	577.0179	25.0212
0.2	0.3769346	1.454772	583.0556	25.14654
0.2	0.3681168	1.454772	596.8523	25.43056
0.2	0.359299	1.454772	608.2957	25.66365
0.2	0.3504811	1.454772	615.5706	25.8107
0.2	0.3416632	1.454772	626.5289	26.03056
0.2	0.3328453	1.454772	628.0555	26.06104
0.2	0.3240274	1.454772	630.5881	26.11151
0.2	0.3152094	1.454772	648.0775	26.45737
0.2	0.3063914	1.454772	671.546	26.91421
0.2	0.2975734	1.454772	692.9156	27.32329
0.2	0.2887554	1.454772	706.9689	27.58889
0.2	0.2799373	1.454772	727.0459	27.96379
0.2	0.2711192	1.454772	756.6024	28.5064
0.2	0.2623011	1.454772	817.7021	29.59549
0.2	0.253483	1.454772	864.7581	30.40677
0.2	0.2446648	1.454772	942.6334	31.70234
0.2	0.2358466	1.454772	1072.641	33.75121
0.2	0.2270284	1.454772	1201.431	35.66167
0.2	0.2182102	1.454772	1225.854	36.0122
0.2	0.209392	1.454772	1178.571	35.33032
0.2	0.2005738	1.454772	1109.485	34.30894
0.2	0.1917555	1.454772	1010.853	32.79391
0.2	0.1829372	1.454772	950.2913	31.8268
0.2	0.1741189	1.454772	883.6685	30.72656
0.2	0.1653006	1.454772	801.0775	29.30331
0.2	0.1564822	1.454772	727.7067	27.97604
0.2	0.1476639	1.454772	658.9154	26.66935
0.2	0.1388455	1.454772	594.5788	25.38399
0.2	0.1300271	1.454772	540.2185	24.2426
0.2	0.1212087	1.454772	489.6988	23.12914
0.2	0.1123903	1.454772	440.3058	21.98347
0.2	0.1035718	1.454772	400.333	21.00832
0.2	0.09475337	1.454772	364.2338	20.08491
0.2	0.08593491	1.454772	333.2025	19.25384
0.2	0.07711643	1.454772	300.0078	18.32073
0.2	0.06829794	1.454772	262.5843	17.20445
0.2	0.05947943	1.454772	239.3599	16.47126
0.2	0.05066091	1.454772	217.494	15.74768
0.2	0.04184238	1.454772	193.5985	14.91397
0.2	0.03302384	1.454772	175.345	14.24179
0.2	0.02420529	1.454772	167.5997	13.94603
0.2	0.01538673	1.454772	173.0116	14.15339
0.2	0.006568154	1.454772	171.3615	14.09051
0.2	-0.002250428	1.454772	163.6083	13.79095
0.2	-0.01106902	1.454772	166.0465	13.8859
0.2	-0.01988762	1.454772	157.666	13.55651
0.2	-0.02870623	1.454772	153.4748	13.3885
0.2	-0.03752485	1.454772	156.8434	13.52371
0.2	-0.04634347	1.454772	147.1181	13.12922
0.2	-0.05516211	1.454772	149.8969	13.24324
0.2	-0.06398074	1.454772	145.7952	13.07457
0.2	-0.07279939	1.454772	145.7937	13.07451
0.2	-0.08161804	1.454772	150.1517	13.25364
0.2	-0.0904367	1.454772	148.1264	13.17072
0.2	-0.09925536	1.454772	144.8875	13.03692
0.2	-0.108074	1.454772	136.7371	12.69347
0.2	-0.1168927	1.454772	131.9227	12.48576
0.2	-0.1257114	1.454772	133.7366	12.56446
0.2	-0.1345301	1.454772	129.8247	12.39406
0.2	-0.1433487	1.454772	123.8027	12.12666
0.2	-0.1521674	1.454772	123.9763	12.13446
0.2	-0.1609861	1.454772	120.7317	11.9878
0.2	-0.1698048	1.454772	114.9172	11.71994
0.2	-0.1786235	1.454772	108.4387	11.41339
0.2	-0.1874422	1.454772	99.77778	10.98888
0.2	-0.1962609	1.454772	96.10958	10.80355
0.2	-0.2050796	1.454772	84.16428	10.17411
0.2	-0.2138983	1.454772	81.93302	10.05169
0.2	-0.222717	1.454772	75.60539	9.695136
0.2	-0.2315356	1.454772	73.6972	9.584708
0.2	-0.2403543	1.454772	71.32057	9.44515
0.2	-0.249173	1.454772	70.36163	9.388184
0.2	-0.2579917	1.454772	61.14179	8.819322
0.2	-0.2668104	1.454772	66.68398	9.166026
0.2	-0.2756291	1.454772	65.36031	9.084573
0.2	-0.2844477	1.454772	65.26402	9.078614
0.2	-0.2932664	1.454772	60.09873	8.752337
0.2	-0.3020851	1.454772	56.47816	8.515196
0.2	-0.3109037	1.454772	52.49725	8.245499
0.2	-0.3197224	1.454772	48.86367	7.990255
0.2	-0.328541	1.454772	50.03409	8.073478
0.2	-0.3373597	1.454772	50.49487	8.105974
0.2	-0.3461783	1.454772	50.65981	8.117571
0.2	-0.3549969	1.454772	47.37085	7.882648
0.2	-0.3638156	1.454772	46.40495	7.812118
0.2	-0.3726342	1.454772	52.14264	8.220986
0.2	-0.3814528	1.454772	50.36042	8.096508
0.2	-0.3902714	1.454772	48.67006	7.976393
0.2	-0.39909	1.454772	49.96067	8.068286
0.2	-0.4079086	1.454772	48.69394	7.978104
0.2	-0.4167272	1.454772	43.14456	7.568452
0.2	-0.4255457	1.454772	44.38514	7.662218
0.2	-0.4343643	1.454772	40.18901	7.33948
0.2	-0.4431828	1.454772	42.2281	7.498315
0.2	-0.4520013	1.454772	42.33555	7.506578
0.2	-0.4608198	1.454772	42.73121	7.536911
0.2	-0.4696383	1.454772	40.51151	7.364865
0.2	-0.4784568	1.454772	43.97337	7.631242
0.2	-0.4872753	1.454772	44.80616	7.693741
0.2	-0.4960938	1.454772	41.55839	7.44658
0.2	-0.5049123	1.454772	40.76619	7.384841
0.2	-0.5137306	1.454772	42.17096	7.493917
0.2	-0.5225491	1.454772	41.65382	7.453977
0.2	-0.5313675	1.454772	40.23548	7.343144
0.2	-0.5401859	1.454772	42.34973	7.507667
0.2	-0.5490043	1.454772	43.39035	7.587135
0.2	-0.5578226	1.454772	39.32904	7.271287
0.2	-0.566641	1.454772	41.79519	7.46492
0.2	-0.5754592	1.454772	41.85704	7.469702
0.2	-0.5842776	1.454772	37.53543	7.126617
0.2	-0.5930958	1.454772	43.41724	7.589176
0.2	-0.6019141	1.454772	44.27656	7.654063
0.2	-0.6107324	1.454772	45.23167	7.725449
0.2	-0.6195506	1.454772	41.48265	7.440702
0.2	-0.6283688	1.454772	41.71296	7.458557
0.2	-0.637187	1.454772	41.28153	7.42507
0.2	-0.6460052	1.454772	40.05522	7.328919
0.2	-0.6548233	1.454772	40.48425	7.362723
0.2	-0.6636415	1.454772	36.90841	7.075229
0.2	-0.6724595	1.454772	36.38091	7.031659
0.2	-0.6812776	1.454772	37.87068	7.153916
0.2	-0.6900957	1.454772	42.26644	7.501265
0.2	-0.6989138	1.454772	43.00345	7.557702
0.2	-0.7077317	1.454772	39.83306	7.311344
0.2	-0.7165498	1.454772	37.66985	7.137577
0.2	-0.7253677	1.454772	37.17127	7.096825
0.2	-0.7341856	1.454772	37.76846	7.145605
0.2	-0.7430035	1.454772	39.05332	7.249265
0.2	-0.7518215	1.454772	41.91779	7.474395
0.2	-0.7606393	1.454772	39.05742	7.249594
0.2	-0.7694571	1.454772	41.6499	7.453673
0.2	-0.778275	1.454772	37.38721	7.114509
0.2	-0.7870927	1.454772	35.69116	6.974208
0.2	-0.7959105	1.454772	37.78306	7.146792
0.2	-0.8047282	1.454772	32.93145	6.738593
0.2	-0.8135459	1.454772	40.85689	7.391939
0.2	-0.8223636	1.454772	39.53599	7.287765
0.2	-0.8311812	1.454772	37.31805	7.10885
0.2	-0.8399988	1.454772	40.42965	7.358431
0.2	-0.8488164	1.454772	40.23576	7.343166
0.2	-0.8576339	1.454772	38.28061	7.187132
0.2	-0.8664514	1.454772	39.56561	7.29012
0.2	-0.8752689	1.454772	39.6707	7.298468
0.2	-0.8840864	1.454772	39.08262	7.251609
0.2	-0.8929038	1.454772	38.89417	7.236519
0.2	-0.9017212	1.454772	35.90794	6.992323
0.2	-0.9105386	1.454772	32.56872	6.706901
0.2	-0.9193559	1.454772	32.17082	6.671933
0.2	-0.9281731	1.454772	33.27151	6.768146
0.2	-0.9369904	1.454772	37.96007	7.161175
0.2	-0.9458076	1.454772	34.30968	6.857446
0.2	-0.9546248	1.454772	32.02943	6.659455
0.2	-0.9634419	1.454772	33.88528	6.821107
0.2	-0.972259	1.454772	33.24753	6.766067
0.2	-0.9810761	1.454772	33.73986	6.808602
0.2	-0.989902	1.454772	31.04549	6.571848
0.2	-0.998719	1.454772	32.26052	6.679834
0.2	-1.007536	1.454772	36.17065	7.014205
0.2	-1.016353	1.454772	34.96519	6.913137
0.2	-1.02517	1.454772	32.71413	6.719627
0.2	-1.033987	1.454772	33.25573	6.766778
0.2	-1.042803	1.454772	35.45255	6.954205
0.2	-1.05162	1.454772	34.21919	6.849717
0.2	-1.060437	1.454772	33.01437	6.745813
0.2	-1.069254	1.454772	37.54085	7.127059
0.2	-1.07807	1.454772	40.77856	7.385809
0.2	-1.086887	1.454772	37.83933	7.151369
0.2	-1.095703	1.454772	36.30251	7.025156
0.2	-1.10452	1.454772	35.04172	6.919604
0.2	-1.113336	1.454772	32.67506	6.71621
0.2	-1.122153	1.454772	36.35267	7.029318
0.2	-1.130969	1.454772	31.22313	6.587767
0.2	-1.139786	1.454772	35.3008	6.941448
0.2	-1.148602	1.454772	36.17384	7.014469
0.2	-1.157418	1.454772	38.44259	7.200209
0.2	-1.166234	1.454772	40.22162	7.342052
0.2	-1.17505	1.454772	35.76733	6.980579
0.2	-1.183867	1.454772	34.32538	6.858787
0.2	-1.192683	1.454772	38.53981	7.208044
0.2	-1.201499	1.454772	40.54388	7.367407
0.2	-1.210315	1.454772	38.39521	7.196386
0.2	-1.219131	1.454772	35.10412	6.924873
0.2	-1.227946	1.454772	35.7043	6.975308
0.2	-1.236762	1.454772	37.25596	7.103766
0.2	-1.245578	1.454772	32.83459	6.730148
0.2	-1.254394	1.454772	37.04037	7.08608
0.2	-1.263209	1.454772	39.20176	7.261131
0.2	-1.272025	1.454772	37.54448	7.127355
0.2	-1.280841	1.454772	34.58257	6.880694
0.2	-1.289656	1.454772	34.05203	6.835412
0.2	-1.298472	1.454772	28.43489	6.332437
0.2	-1.307287	1.454772	31.24886	6.590068
0.2	-1.316102	1.454772	35.29414	6.940887
0.2	-1.324918	1.454772	34.87786	6.905748
0.2	-1.333733	1.454772	32.45263	6.696722
0.2	-1.342548	1.454772	31.88553	6.646727
0.2	-1.351363	1.454772	33.34155	6.774214
0.2	-1.360178	1.454772	32.51101	6.701842
0.2	-1.368994	1.454772	30.17375	6.493063
0.2	-1.377809	1.454772	30.54468	6.526724
0.2	-1.386624	1.454772	36.34362	7.028567
0.2	-1.395438	1.454772	36.22775	7.01895
0.2	-1.404253	1.454772	29.94297	6.472017
0.2	-1.413068	1.454772	30.05606	6.48234
0.2	-1.421883	1.454772	34.40866	6.86589
0.2	-1.430697	1.454772	32.52822	6.703351
0.2	-1.439512	1.454772	32.40228	6.6923
0.2	-1.448326	1.454772	34.92417	6.909667
0.2	-1.457141	1.454772	35.22736	6.935265
0.2	-1.465955	1.454772	34.72594	6.892872
0.2	-1.47477	1.454772	36.54696	7.045408
0.2	-1.483584	1.454772	36.55054	7.045704
0.2	-1.492398	1.454772	35.25309	6.937431
0.2	-1.501212	1.454772	35.16472	6.929985
0.2	-1.510027	1.454772	37.28786	7.106378
0.2	-1.518841	1.454772	39.58899	7.291978
0.2	-1.527655	1.454772	34.73974	6.894042
0.2	-1.536469	1.454772	30.94256	6.562603
0.2	-1.545282	1.454772	34.47766	6.871768
0.2	-1.554096	1.454772	32.52528	6.703094
0.2	-1.56291	1.454772	36.737	7.061105
0.2	-1.571724	1.454772	30.76597	6.546708
0.2	-1.580537	1.454772	28.81367	6.367836
0.2	-1.589351	1.454772	28.80413	6.366948
0.2	-1.598164	1.454772	31.87135	6.645472
0.2	-1.606978	1.454772	32.31318	6.684468
0.2	-1.615791	1.454772	33.83808	6.817051
0.2	-1.624604	1.454772	35.73501	6.977877
0.2	-1.633417	1.454772	34.58992	6.88132
0.2	-1.642231	1.454772	33.47887	6.786093
0.2	-1.651044	1.454772	34.81314	6.900266
0.2	-1.659857	1.454772	36.11974	7.00997
0.2	-1.66867	1.454772	34.69116	6.88992
0.2	-1.677482	1.454772	30.02298	6.479323
0.2	-1.686295	1.454772	29.20049	6.403748
0.2	-1.695108	1.454772	29.93596	6.471377
0.2	-1.703921	1.454772	35.86327	6.988595
0.2	-1.712733	1.454772	33.85059	6.818126
0.2	-1.721546	1.454772	31.71858	6.631926
0.2	-1.730358	1.454772	31.18009	6.583914
0.2	-1.739171	1.454772	30.86745	6.555848
0.2	-1.747983	1.454772	32.45822	6.697212
0.2	-1.756795	1.454772	31.99814	6.65669
0.2	-1.765607	1.454772	30.48444	6.521271
0.2	-1.774419	1.454772	32.31691	6.684796
0.2	-1.783231	1.454772	32.43284	6.694984
0.2	-1.792043	1.454772	30.39789	6.513428
0.2	-1.800855	1.454772	29.88251	6.466489
0.2	-1.809667	1.454772	29.2417	6.407559
0.2	-1.818478	1.454772	32.31429	6.684566
0.2	-1.82729	1.454772	29.49499	6.430929
0.2	-1.836102	1.454772	35.55513	6.962812
0.2	-1.844913	1.454772	33.04544	6.748517
0.2	-1.853724	1.454772	33.61443	6.797795
0.2	-1.862536	1.454772	35.52087	6.959939
0.2	-1.871347	1.454772	31.94992	6.652426
0.2	-1.880158	1.454772	32.7051	6.718837
0.2	-1.888969	1.454772	31.18791	6.584614
0.2	-1.89778	1.454772	31.38881	6.602571
0.2	-1.906591	1.454772	30.73475	6.543893
0.2	-1.915402	1.454772	30.91959	6.560539
0.2	-1.924213	1.454772	33.15322	6.757883
0.2	-1.933023	1.454772	32.4567	6.697078
0.2	-1.941834	1.454772	30.04967	6.481759
0.2	-1.950644	1.454772	35.75388	6.979455
0.2	-1.959455	1.454772	33.20696	6.762548
0.2	-1.968265	1.454772	32.22876	6.677037
0.2	-1.977075	1.454772	31.11057	6.577685
0.2	-1.985886	1.454772	28.50165	6.338694
0.2	-1.994696	1.454772	26.85071	6.181767
0.2	-2.003506	1.454772	28.21462	6.311744
0.2	-2.012316	1.454772	32.48543	6.699599
0.2	-2.021126	1.454772	32.42811	6.694568
0.2	-2.029935	1.454772	31.36542	6.600484
0.2	-2.038745	1.454772	32.42686	6.694459
0.2	-2.047554	1.454772	30.19759	6.495234
0.2	-2.056364	1.454772	29.03149	6.388088
0.2	-2.065173	1.454772	29.7811	6.457206
0.2	-2.073983	1.454772	30.51247	6.523809
0.2	-2.082792	1.454772	33.77233	6.811397
0.2	-2.091601	1.454772	37.95009	7.160365
0.2	-2.10041	1.454772	33.13865	6.756618
0.2	-2.109219	1.454772	25.65197	6.064778
0.2	-2.118028	1.454772	30.16067	6.491873
0.2	-2.126837	1.454772	29.24653	6.408006
0.2	-2.135645	1.454772	27.48468	6.242583
0.2	-2.144454	1.454772	26.61086	6.158572
0.2	-2.153262	1.454772	28.58092	6.346112
0.2	-2.162071	1.454772	34.15721	6.844417
0.2	-2.170879	1.454772	29.05091	6.38989
0.2	-2.179687	1.454772	27.02426	6.198486
0.2	-2.188495	1.454772	27.87849	6.280008
0.2	-2.197304	1.454772	26.44628	6.142595
0.2	-2.206111	1.454772	27.89036	6.281132
0.2	-2.214919	1.454772	29.87902	6.466171
0.2	-2.223727	1.454772	29.28517	6.411577
0.2	-2.232535	1.454772	31.12961	6.579391
0.2	-2.241342	1.454772	32.15305	6.670366
0.2	-2.250149	1.454772	30.13106	6.489176
0.2	-2.258957	1.454772	34.42081	6.866926
0.2	-2.267764	1.454772	23.63379	5.861459
0.2	-2.276571	1.454772	31.38183	6.601948
0.2	-2.285378	1.454772	33.62826	6.798988
0.2	-2.294185	1.454772	29.4481	6.42661
0.2	-2.302992	1.454772	27.60036	6.253605
0.2	-2.311799	1.454772	32.05632	6.66183
0.2	-2.320606	1.454772	32.17241	6.672072
0.2	-2.329412	1.454772	31.28569	6.593361
0.2	-2.338219	1.454772	30.70909	6.541578
0.2	-2.347025	1.454772	31.31893	6.596332
0.2	-2.355831	1.454772	31.1905	6.584846
0.2	-2.364638	1.454772	31.4894	6.611542
0.2	-2.373444	1.454772	31.73816	6.633663
0.2	-2.38225	1.454772	28.63356	6.351033
0.2	-2.391055	1.454772	27.483	6.242423
0.2	-2.399861	1.454772	30.28459	6.503144
0.2	-2.408667	1.454772	32.36456	6.688986
0.2	-2.417472	1.454772	30.83502	6.552929
0.2	-2.426278	1.454772	30.4544	6.51855
0.2	-2.435092	1.454772	29.94862	6.472533
0.2	-2.443897	1.454772	29.48372	6.429891
0.2	-2.452702	1.454772	32.77315	6.724784
0.2	-2.461507	1.454772	25.78529	6.077922
0.2	-2.470312	1.454772	30.84166	6.553526
0.2	-2.479117	1.454772	29.19666	6.403394
0.2	-2.487922	1.454772	26.89281	6.185828
0.2	-2.496726	1.454772	32.32058	6.685119
0.2	-2.505531	1.454772	32.1624	6.67119
0.2	-2.514335	1.454772	27.80136	6.272699
0.2	-2.523139	1.454772	29.6888	6.448742
0.2	-2.531944	1.454772	29.55096	6.43608
0.2	-2.540748	1.454772	28.90723	6.376544
0.2	-2.549551	1.454772	31.27418	6.592332
0.2	-2.558355	1.454772	29.0905	6.393561
0.2	-2.567159	1.454772	25.94969	6.094084
0.2	-2.575963	1.454772	28.4854	6.337172
0.2	-2.584766	1.454772	29.32183	6.414964
0.2	-2.59357	1.454772	28.72073	6.359172
0.2	-2.602373	1.454772	33.30407	6.770967
0.2	-2.611176	1.454772	31.7136	6.631483
0.2	-2.619979	1.454772	29.16576	6.400534
0.2	-2.628782	1.454772	30.53648	6.525982
0.2	-2.637584	1.454772	37.03882	7.085953
0.2	-2.646387	1.454772	33.68806	6.804142
0.2	-2.65519	1.454772	31.36692	6.600618
0.2	-2.663992	1.454772	33.79445	6.813299
0.2	-2.672795	1.454772	29.13527	6.39771
0.2	-2.681597	1.454772	26.19933	6.118528
0.2	-2.690399	1.454772	32.90062	6.735906
0.2	-2.699201	1.454772	28.16699	6.307258
0.2	-2.708003	1.454772	28.04909	6.296139
0.2	-2.716805	1.454772	26.18773	6.117394
0.2	-2.725606	1.454772	36.07692	7.006407
0.2	-2.734408	1.454772	36.88552	7.073345
0.2	-2.743209	1.454772	30.08463	6.484946
0.2	-2.75201	1.454772	31.53218	6.615352
0.2	-2.760812	1.454772	30.76832	6.54692
0.2	-2.769613	1.454772	29.5937	6.44001
0.2	-2.778413	1.454772	30.96615	6.564723
0.2	-2.787214	1.454772	27.58052	6.251716
0.2	-2.796015	1.454772	26.65595	6.16294
0.2	-2.804815	1.454772	25.3857	6.038422
0.2	-2.813616	1.454772	24.2482	5.924246
0.2	-2.822416	1.454772	26.56277	6.153908
0.2	-2.831216	1.454772	27.04147	6.200141
0.2	-2.840016	1.454772	26.75989	6.172996
0.2	-2.848816	1.454772	28.32645	6.32226
0.2	-2.857616	1.454772	25.52383	6.052112
0.2	-2.866416	1.454772	24.10248	5.909428
0.2	-2.875215	1.454772	26.34453	6.132692
0.2	-2.884015	1.454772	26.65875	6.163211
0.2	-2.892814	1.454772	29.02207	6.387213
0.2	-2.901613	1.454772	27.43631	6.237968
0.2	-2.910412	1.454772	27.57399	6.251094
0.2	-2.919211	1.454772	24.4923	5.948969
0.2	-2.92801	1.454772	26.38716	6.136843
0.2	-2.936809	1.454772	28.36024	6.325433
0.2	-2.945607	1.454772	29.52577	6.433762
0.2	-2.954405	1.454772	32.528	6.703333
0.2	-2.963204	1.454772	34.57983	6.880462
0.2	-2.972002	1.454772	32.17282	6.672109
0.2	-2.9808	1.454772	30.07939	6.484468
0.2	-2.989598	1.454772	31.18288	6.584163
0.2	-2.998395	1.454772	30.54991	6.527197
0.2	-3.007193	1.454772	31.99758	6.65664
0.2	-3.01599	1.454772	32.27539	6.681144
0.2	-3.024788	1.454772	30.25035	6.500032
0.2	-3.033585	1.454772	28.00018	6.29152
0.2	-3.042382	1.454772	28.42846	6.331834
0.2	-3.051179	1.454772	28.01508	6.292928
0.2	-3.059976	1.454772	27.29142	6.22412
0.2	-3.068773	1.454772	32.40937	6.692923
0.2	-3.077569	1.454772	29.65864	6.445974
0.2	-3.086365	1.454772	31.34865	6.598986
0.2	-3.095162	1.454772	29.74741	6.454118
0.2	-3.103958	1.454772	26.17602	6.116251
0.2	-3.112754	1.454772	29.995	6.476769
0.2	-3.12155	1.454772	27.5838	6.252028
0.2	-3.130345	1.454772	23.69135	5.867376
0.2	-3.139141	1.454772	24.32059	5.931591
0.2	-3.147936	1.454772	27.56377	6.250121
0.2	-3.156732	1.454772	29.09293	6.393786
0.2	-3.165527	1.454772	29.09174	6.393676
0.2	-3.174322	1.454772	26.14034	6.112762
0.2	-3.183117	1.454772	24.30986	5.930503
0.2	-3.191911	1.454772	27.75527	6.268327
0.2	-3.200706	1.454772	8.077235	3.842048
0.2	-3.209501	1.454772	-17.47594	5.180423
0.2	-3.218295	1.454772	-39.57358	7.290753
0.2	-3.227089	1.454772	-66.693	9.166578
0.2	-3.235883	1.454772	-91.73707	10.57795
0.2	-3.244677	1.454772	-102.4898	11.12372
0.2	-3.253471	1.454772	-103	11.14889
0.2	-3.262264	1.454772	-103	11.14889
0.2	-3.271058	1.454772	-103	11.14889
0.2	-3.279851	1.454772	-103	11.14889
0.2	-3.288644	1.454772	-103	11.14889
0.2	-3.297437	1.454772	-103	11.14889
0.2	-3.30623	1.454772	-103	11.14889
0.2	-3.315023	1.454772	-103	11.14889
0.2	-3.323815	1.454772	-103	11.14889
0.2	-3.332608	1.454772	-103	11.14889
0.2	-3.3414	1.454772	-103	11.14889
0.2	-3.350192	1.454772	-103	11.14889
0.2	-3.358984	1.454772	-103	11.14889
0.2	-3.367776	1.454772	-103	11.14889
0.2	-3.376568	1.454772	-103	11.14889
0.2	-3.385359	1.454772	-103	11.14889
0.2	-3.394151	1.454772	-103	11.14889
0.2	-3.402942	1.454772	-103	11.14889
0.2	-3.411733	1.454772	-103	11.14889
0.2	-3.420524	1.454772	-103	11.14889
0.2	-3.429315	1.454772	-103	11.14889
0.2	-3.438105	1.454772	-103	11.14889
0.2	-3.446896	1.454772	-103	11.14889
0.2	-3.455686	1.454772	-103	11.14889
0.2	-3.464476	1.454772	-103	11.14889
0.2	-3.473266	1.454772	-103	11.14889
0.2	-3.482056	1.454772	-103	11.14889
0.2	-3.490846	1.454772	-103	11.14889
0.2	-3.499635	1.454772	-103	11.14889
0.2	-3.508425	1.454772	-103	11.14889
0.2	-3.517214	1.454772	-103	11.14889
0.2	-3.526003	1.454772	-103	11.14889
0.2	-3.534792	1.454772	-103	11.14889
0.2	-3.543581	1.454772	-103	11.14889
0.2	-3.55237	1.454772	-103	11.14889
0.2	-3.561158	1.454772	-103	11.14889
0.2	-3.569946	1.454772	-103	11.14889
0.2	-3.578734	1.454772	-103	11.14889
0.2	-3.587523	1.454772	-103	11.14889
0.2	-3.59631	1.454772	-103	11.14889
0.2	-3.605098	1.454772	-103	11.14889
0.2	-3.613885	1.454772	-103	11.14889
0.2	-3.622673	1.454772	-103	11.14889
0.2	-3.63146	1.454772	-103	11.14889
0.2	-3.640247	1.454772	-103	11.14889
0.2	-3.649034	1.454772	-103	11.14889
0.2	-3.65782	1.454772	-103	11.14889
0.2	-3.666607	1.454772	-103	11.14889
0.2	-3.675393	1.454772	-103	11.14889
