  2.0000000e-001  3.9683480e-001 -5.0124700e+000 -1.0300000e+002  1.1148890e+001
  2.0000000e-001  3.9683480e-001 -5.0037180e+000 -1.0300000e+002  1.1148890e+001
  2.0000000e-001  3.9683480e-001 -4.9949670e+000 -1.0300000e+002  1.1148890e+001
  2.0000000e-001  3.9683480e-001 -4.9862150e+000 -1.0300000e+002  1.1148890e+001
  2.0000000e-001  3.9683480e-001 -4.9774620e+000 -1.0300000e+002  1.1148890e+001
  2.0000000e-001  3.9683480e-001 -4.9687100e+000 -1.0300000e+002  1.1148890e+001
  2.0000000e-001  3.9683480e-001 -4.9599570e+000 -7.7229420e+001  9.7880270e+000
  2.0000000e-001  3.9683480e-001 -4.9512040e+000 -7.0247120e+000  3.6504170e+000
  2.0000000e-001  3.9683480e-001 -4.9424510e+000  3.0493540e+001  6.5220960e+000
  2.0000000e-001  3.9683480e-001 -4.9336980e+000  3.0612090e+001  6.5328190e+000
  2.0000000e-001  3.9683480e-001 -4.9249440e+000  3.1005490e+001  6.5682570e+000
  2.0000000e-001  3.9683480e-001 -4.9161910e+000  3.4776630e+001  6.8971710e+000
  2.0000000e-001  3.9683480e-001 -4.9074360e+000  3.5512130e+001  6.9592050e+000
  2.0000000e-001  3.9683480e-001 -4.8986820e+000  3.2122950e+001  6.6677110e+000
  2.0000000e-001  3.9683480e-001 -4.8899280e+000  3.2408410e+001  6.6928380e+000
  2.0000000e-001  3.9683480e-001 -4.8811730e+000  3.5369510e+001  6.9472270e+000
  2.0000000e-001  3.9683480e-001 -4.8724180e+000  3.5146720e+001  6.9284670e+000
  2.0000000e-001  3.9683480e-001 -4.8636630e+000  3.6010130e+001  7.0008440e+000
  2.0000000e-001  3.9683480e-001 -4.8549080e+000  3.4057760e+001  6.8359030e+000
  2.0000000e-001  3.9683480e-001 -4.8461520e+000  3.4031850e+001  6.8336830e+000
  2.0000000e-001  3.9683480e-001 -4.8373960e+000  4.1488510e+001  7.4411570e+000
  2.0000000e-001  3.9683480e-001 -4.8286400e+000  3.7264930e+001  7.1045010e+000
  2.0000000e-001  3.9683480e-001 -4.8198830e+000  3.7650900e+001  7.1360330e+000
  2.0000000e-001  3.9683480e-001 -4.8111270e+000  3.8544670e+001  7.2084360e+000
  2.0000000e-001  3.9683480e-001 -4.8023700e+000  4.1303530e+001  7.4267830e+000
  2.0000000e-001  3.9683480e-001 -4.7936130e+000  4.1440040e+001  7.4373940e+000
  2.0000000e-001  3.9683480e-001 -4.7848560e+000  4.4145200e+001  7.6441860e+000
  2.0000000e-001  3.9683480e-001 -4.7760990e+000  4.7811360e+001  7.9145760e+000
  2.0000000e-001  3.9683480e-001 -4.7673410e+000  4.4973770e+001  7.7062490e+000
  2.0000000e-001  3.9683480e-001 -4.7585830e+000  4.0354510e+001  7.3525200e+000
  2.0000000e-001  3.9683480e-001 -4.7498250e+000  4.7525090e+001  7.8938450e+000
  2.0000000e-001  3.9683480e-001 -4.7410660e+000  4.2901960e+001  7.5499590e+000
  2.0000000e-001  3.9683480e-001 -4.7323080e+000  4.6171220e+001  7.7949410e+000
  2.0000000e-001  3.9683480e-001 -4.7235490e+000  3.8804820e+001  7.2293520e+000
  2.0000000e-001  3.9683480e-001 -4.7147900e+000  4.5633120e+001  7.7552290e+000
  2.0000000e-001  3.9683480e-001 -4.7060310e+000  4.1996170e+001  7.4804450e+000
  2.0000000e-001  3.9683480e-001 -4.6972710e+000  4.1486870e+001  7.4410310e+000
  2.0000000e-001  3.9683480e-001 -4.6885120e+000  4.6580650e+001  7.8250020e+000
  2.0000000e-001  3.9683480e-001 -4.6797520e+000  4.3121210e+001  7.5666740e+000
  2.0000000e-001  3.9683480e-001 -4.6709920e+000  4.4750770e+001  7.6896010e+000
  2.0000000e-001  3.9683480e-001 -4.6622310e+000  4.7281330e+001  7.8761430e+000
  2.0000000e-001  3.9683480e-001 -4.6534710e+000  5.1222240e+001  8.1569720e+000
  2.0000000e-001  3.9683480e-001 -4.6447100e+000  5.1363900e+001  8.1668620e+000
  2.0000000e-001  3.9683480e-001 -4.6359490e+000  5.3698750e+001  8.3279430e+000
  2.0000000e-001  3.9683480e-001 -4.6271880e+000  5.7094470e+001  8.5560880e+000
  2.0000000e-001  3.9683480e-001 -4.6184270e+000  5.7090930e+001  8.5558540e+000
  2.0000000e-001  3.9683480e-001 -4.6096650e+000  5.5864950e+001  8.4742860e+000
  2.0000000e-001  3.9683480e-001 -4.6009030e+000  5.6992910e+001  8.5493650e+000
  2.0000000e-001  3.9683480e-001 -4.5921410e+000  5.5914370e+001  8.4775920e+000
  2.0000000e-001  3.9683480e-001 -4.5833790e+000  5.2996470e+001  8.2798670e+000
  2.0000000e-001  3.9683480e-001 -4.5746160e+000  5.5241910e+001  8.4324900e+000
  2.0000000e-001  3.9683480e-001 -4.5658540e+000  6.1998070e+001  8.8738850e+000
  2.0000000e-001  3.9683480e-001 -4.5570910e+000  5.9710650e+001  8.7272670e+000
  2.0000000e-001  3.9683480e-001 -4.5483270e+000  5.8309060e+001  8.6360370e+000
  2.0000000e-001  3.9683480e-001 -4.5395640e+000  6.2062790e+001  8.8779950e+000
  2.0000000e-001  3.9683480e-001 -4.5308010e+000  5.8315480e+001  8.6364570e+000
  2.0000000e-001  3.9683480e-001 -4.5220370e+000  6.4274830e+001  9.0171590e+000
  2.0000000e-001  3.9683480e-001 -4.5132730e+000  6.4841450e+001  9.0524190e+000
  2.0000000e-001  3.9683480e-001 -4.5045090e+000  6.2060020e+001  8.8778190e+000
  2.0000000e-001  3.9683480e-001 -4.4957440e+000  5.9196600e+001  8.6939330e+000
  2.0000000e-001  3.9683480e-001 -4.4869800e+000  6.1193760e+001  8.8226440e+000
  2.0000000e-001  3.9683480e-001 -4.4782150e+000  6.4469670e+001  9.0293010e+000
  2.0000000e-001  3.9683480e-001 -4.4694500e+000  6.3858410e+001  8.9911460e+000
  2.0000000e-001  3.9683480e-001 -4.4606850e+000  6.6117970e+001  9.1312950e+000
  2.0000000e-001  3.9683480e-001 -4.4519190e+000  6.8714480e+001  9.2894200e+000
  2.0000000e-001  3.9683480e-001 -4.4431530e+000  6.5099110e+001  9.0684010e+000
  2.0000000e-001  3.9683480e-001 -4.4343880e+000  6.1804040e+001  8.8615540e+000
  2.0000000e-001  3.9683480e-001 -4.4256220e+000  6.8632360e+001  9.2844650e+000
  2.0000000e-001  3.9683480e-001 -4.4168550e+000  7.1754930e+001  9.4708280e+000
  2.0000000e-001  3.9683480e-001 -4.4080890e+000  6.7654940e+001  9.2252620e+000
  2.0000000e-001  3.9683480e-001 -4.3993220e+000  7.0336450e+001  9.3866830e+000
  2.0000000e-001  3.9683480e-001 -4.3905550e+000  7.0468200e+001  9.3945340e+000
  2.0000000e-001  3.9683480e-001 -4.3817880e+000  7.1467100e+001  9.4538220e+000
  2.0000000e-001  3.9683480e-001 -4.3730210e+000  6.8754060e+001  9.2918070e+000
  2.0000000e-001  3.9683480e-001 -4.3642540e+000  7.1384950e+001  9.4489610e+000
  2.0000000e-001  3.9683480e-001 -4.3554850e+000  7.3769190e+001  9.5889000e+000
  2.0000000e-001  3.9683480e-001 -4.3467180e+000  7.4469270e+001  9.6295580e+000
  2.0000000e-001  3.9683480e-001 -4.3379490e+000  7.5773390e+001  9.7047910e+000
  2.0000000e-001  3.9683480e-001 -4.3291810e+000  7.8084270e+001  9.8365310e+000
  2.0000000e-001  3.9683480e-001 -4.3204130e+000  7.9490830e+001  9.9157630e+000
  2.0000000e-001  3.9683480e-001 -4.3116440e+000  7.9385280e+001  9.9098420e+000
  2.0000000e-001  3.9683480e-001 -4.3028750e+000  8.2879640e+001  1.0103830e+001
  2.0000000e-001  3.9683480e-001 -4.2941060e+000  8.6582440e+001  1.0304970e+001
  2.0000000e-001  3.9683480e-001 -4.2853360e+000  8.5548950e+001  1.0249270e+001
  2.0000000e-001  3.9683480e-001 -4.2765670e+000  8.5216400e+001  1.0231270e+001
  2.0000000e-001  3.9683480e-001 -4.2677970e+000  8.5090260e+001  1.0224440e+001
  2.0000000e-001  3.9683480e-001 -4.2590270e+000  8.6015210e+001  1.0274440e+001
  2.0000000e-001  3.9683480e-001 -4.2502570e+000  8.8096870e+001  1.0385990e+001
  2.0000000e-001  3.9683480e-001 -4.2414870e+000  9.1540100e+001  1.0567660e+001
  2.0000000e-001  3.9683480e-001 -4.2327160e+000  9.2446750e+001  1.0614920e+001
  2.0000000e-001  3.9683480e-001 -4.2239450e+000  9.1541450e+001  1.0567730e+001
  2.0000000e-001  3.9683480e-001 -4.2151740e+000  9.1748980e+001  1.0578570e+001
  2.0000000e-001  3.9683480e-001 -4.2064030e+000  9.2627230e+001  1.0624300e+001
  2.0000000e-001  3.9683480e-001 -4.1976320e+000  9.4324120e+001  1.0712060e+001
  2.0000000e-001  3.9683480e-001 -4.1888600e+000  9.1442780e+001  1.0562570e+001
  2.0000000e-001  3.9683480e-001 -4.1800890e+000  9.1586020e+001  1.0570060e+001
  2.0000000e-001  3.9683480e-001 -4.1713170e+000  9.3447790e+001  1.0666840e+001
  2.0000000e-001  3.9683480e-001 -4.1625450e+000  9.4031350e+001  1.0696980e+001
  2.0000000e-001  3.9683480e-001 -4.1537720e+000  9.7010980e+001  1.0849410e+001
  2.0000000e-001  3.9683480e-001 -4.1450000e+000  9.9386940e+001  1.0969300e+001
  2.0000000e-001  3.9683480e-001 -4.1362270e+000  1.0126510e+002  1.1063060e+001
  2.0000000e-001  3.9683480e-001 -4.1274540e+000  1.0114900e+002  1.1057290e+001
  2.0000000e-001  3.9683480e-001 -4.1186810e+000  9.9484290e+001  1.0974180e+001
  2.0000000e-001  3.9683480e-001 -4.1099080e+000  9.9282180e+001  1.0964040e+001
  2.0000000e-001  3.9683480e-001 -4.1011340e+000  1.0330330e+002  1.1163820e+001
  2.0000000e-001  3.9683480e-001 -4.0923600e+000  1.1214640e+002  1.1589920e+001
  2.0000000e-001  3.9683480e-001 -4.0835870e+000  1.1094080e+002  1.1532850e+001
  2.0000000e-001  3.9683480e-001 -4.0748120e+000  1.1122060e+002  1.1546120e+001
  2.0000000e-001  3.9683480e-001 -4.0660380e+000  1.0802040e+002  1.1393280e+001
  2.0000000e-001  3.9683480e-001 -4.0572640e+000  1.1834310e+002  1.1878560e+001
  2.0000000e-001  3.9683480e-001 -4.0484890e+000  1.1529570e+002  1.1737590e+001
  2.0000000e-001  3.9683480e-001 -4.0397140e+000  1.1353550e+002  1.1655300e+001
  2.0000000e-001  3.9683480e-001 -4.0309400e+000  1.1402420e+002  1.1678210e+001
  2.0000000e-001  3.9683480e-001 -4.0221640e+000  1.1007510e+002  1.1491670e+001
  2.0000000e-001  3.9683480e-001 -4.0133890e+000  1.1117710e+002  1.1544060e+001
  2.0000000e-001  3.9683480e-001 -4.0046130e+000  1.2046440e+002  1.1975630e+001
  2.0000000e-001  3.9683480e-001 -3.9958370e+000  1.2214530e+002  1.2051940e+001
  2.0000000e-001  3.9683480e-001 -3.9870620e+000  1.2444160e+002  1.2155340e+001
  2.0000000e-001  3.9683480e-001 -3.9782850e+000  1.2622120e+002  1.2234820e+001
  2.0000000e-001  3.9683480e-001 -3.9695090e+000  1.2626480e+002  1.2236760e+001
  2.0000000e-001  3.9683480e-001 -3.9607320e+000  1.2760770e+002  1.2296360e+001
  2.0000000e-001  3.9683480e-001 -3.9519560e+000  1.2027490e+002  1.1966990e+001
  2.0000000e-001  3.9683480e-001 -3.9431790e+000  1.3341510e+002  1.2550550e+001
  2.0000000e-001  3.9683480e-001 -3.9344020e+000  1.3186770e+002  1.2483370e+001
  2.0000000e-001  3.9683480e-001 -3.9256240e+000  1.3558070e+002  1.2643910e+001
  2.0000000e-001  3.9683480e-001 -3.9168470e+000  1.3869430e+002  1.2776850e+001
  2.0000000e-001  3.9683480e-001 -3.9080690e+000  1.3730860e+002  1.2717880e+001
  2.0000000e-001  3.9683480e-001 -3.8992920e+000  1.4466440e+002  1.3027650e+001
  2.0000000e-001  3.9683480e-001 -3.8905130e+000  1.3904960e+002  1.2791930e+001
  2.0000000e-001  3.9683480e-001 -3.8817350e+000  1.4628740e+002  1.3094930e+001
  2.0000000e-001  3.9683480e-001 -3.8729570e+000  1.4892080e+002  1.3203310e+001
  2.0000000e-001  3.9683480e-001 -3.8641780e+000  1.4940910e+002  1.3223300e+001
  2.0000000e-001  3.9683480e-001 -3.8554000e+000  1.4968110e+002  1.3234420e+001
  2.0000000e-001  3.9683480e-001 -3.8466210e+000  1.5293220e+002  1.3366580e+001
  2.0000000e-001  3.9683480e-001 -3.8378420e+000  1.5054500e+002  1.3269680e+001
  2.0000000e-001  3.9683480e-001 -3.8290620e+000  1.5002530e+002  1.3248480e+001
  2.0000000e-001  3.9683480e-001 -3.8202830e+000  1.5619180e+002  1.3497670e+001
  2.0000000e-001  3.9683480e-001 -3.8115030e+000  1.5980780e+002  1.3641510e+001
  2.0000000e-001  3.9683480e-001 -3.8027230e+000  1.6165530e+002  1.3714370e+001
  2.0000000e-001  3.9683480e-001 -3.7939430e+000  1.5820260e+002  1.3577860e+001
  2.0000000e-001  3.9683480e-001 -3.7851630e+000  1.5518640e+002  1.3457380e+001
  2.0000000e-001  3.9683480e-001 -3.7763830e+000  1.6268330e+002  1.3754740e+001
  2.0000000e-001  3.9683480e-001 -3.7676020e+000  1.6831610e+002  1.3973670e+001
  2.0000000e-001  3.9683480e-001 -3.7588220e+000  1.6646430e+002  1.3902100e+001
  2.0000000e-001  3.9683480e-001 -3.7500410e+000  1.6647570e+002  1.3902550e+001
  2.0000000e-001  3.9683480e-001 -3.7412600e+000  1.7167030e+002  1.4102300e+001
  2.0000000e-001  3.9683480e-001 -3.7324790e+000  1.7542810e+002  1.4244930e+001
  2.0000000e-001  3.9683480e-001 -3.7236880e+000  1.7519650e+002  1.4236180e+001
  2.0000000e-001  3.9683480e-001 -3.7149070e+000  1.7169730e+002  1.4103330e+001
  2.0000000e-001  3.9683480e-001 -3.7061250e+000  1.7366700e+002  1.4178280e+001
  2.0000000e-001  3.9683480e-001 -3.6973430e+000  1.8517670e+002  1.4607970e+001
  2.0000000e-001  3.9683480e-001 -3.6885610e+000  1.8515300e+002  1.4607090e+001
  2.0000000e-001  3.9683480e-001 -3.6797790e+000  1.9494330e+002  1.4962210e+001
  2.0000000e-001  3.9683480e-001 -3.6709960e+000  1.9950160e+002  1.5124500e+001
  2.0000000e-001  3.9683480e-001 -3.6622140e+000  1.9622450e+002  1.5008010e+001
  2.0000000e-001  3.9683480e-001 -3.6534310e+000  1.9755230e+002  1.5055330e+001
  2.0000000e-001  3.9683480e-001 -3.6446480e+000  1.9361540e+002  1.4914580e+001
  2.0000000e-001  3.9683480e-001 -3.6358650e+000  2.0189470e+002  1.5208970e+001
  2.0000000e-001  3.9683480e-001 -3.6270810e+000  2.0847550e+002  1.5438680e+001
  2.0000000e-001  3.9683480e-001 -3.6182980e+000  2.1116500e+002  1.5531520e+001
  2.0000000e-001  3.9683480e-001 -3.6095140e+000  2.1377220e+002  1.5620950e+001
  2.0000000e-001  3.9683480e-001 -3.6007300e+000  2.0540860e+002  1.5332080e+001
  2.0000000e-001  3.9683480e-001 -3.5919460e+000  2.0871110e+002  1.5446840e+001
  2.0000000e-001  3.9683480e-001 -3.5831620e+000  2.1686490e+002  1.5726330e+001
  2.0000000e-001  3.9683480e-001 -3.5743780e+000  2.2068050e+002  1.5855320e+001
  2.0000000e-001  3.9683480e-001 -3.5655930e+000  2.2373810e+002  1.5957880e+001
  2.0000000e-001  3.9683480e-001 -3.5568090e+000  2.1485800e+002  1.5658030e+001
  2.0000000e-001  3.9683480e-001 -3.5480240e+000  2.1868380e+002  1.5787960e+001
  2.0000000e-001  3.9683480e-001 -3.5392390e+000  2.2346860e+002  1.5948860e+001
  2.0000000e-001  3.9683480e-001 -3.5304540e+000  2.2531840e+002  1.6010610e+001
  2.0000000e-001  3.9683480e-001 -3.5216680e+000  2.3382920e+002  1.6291480e+001
  2.0000000e-001  3.9683480e-001 -3.5128830e+000  2.4069560e+002  1.6514370e+001
  2.0000000e-001  3.9683480e-001 -3.5040970e+000  2.4316610e+002  1.6593780e+001
  2.0000000e-001  3.9683480e-001 -3.4953110e+000  2.4451570e+002  1.6637000e+001
  2.0000000e-001  3.9683480e-001 -3.4865260e+000  2.4264270e+002  1.6576990e+001
  2.0000000e-001  3.9683480e-001 -3.4777390e+000  2.4763020e+002  1.6736270e+001
  2.0000000e-001  3.9683480e-001 -3.4689530e+000  2.5084010e+002  1.6837930e+001
  2.0000000e-001  3.9683480e-001 -3.4601660e+000  2.5393460e+002  1.6935330e+001
  2.0000000e-001  3.9683480e-001 -3.4513800e+000  2.5477020e+002  1.6961520e+001
  2.0000000e-001  3.9683480e-001 -3.4425930e+000  2.4979260e+002  1.6804830e+001
  2.0000000e-001  3.9683480e-001 -3.4338060e+000  2.6207930e+002  1.7188860e+001
  2.0000000e-001  3.9683480e-001 -3.4250190e+000  2.6787030e+002  1.7366740e+001
  2.0000000e-001  3.9683480e-001 -3.4162320e+000  2.7811520e+002  1.7676790e+001
  2.0000000e-001  3.9683480e-001 -3.4074440e+000  2.7534850e+002  1.7593630e+001
  2.0000000e-001  3.9683480e-001 -3.3986570e+000  2.7010380e+002  1.7434840e+001
  2.0000000e-001  3.9683480e-001 -3.3898690e+000  2.7119570e+002  1.7468020e+001
  2.0000000e-001  3.9683480e-001 -3.3810810e+000  2.8579190e+002  1.7905380e+001
  2.0000000e-001  3.9683480e-001 -3.3722930e+000  2.8742130e+002  1.7953500e+001
  2.0000000e-001  3.9683480e-001 -3.3635040e+000  2.8945990e+002  1.8013520e+001
  2.0000000e-001  3.9683480e-001 -3.3547160e+000  2.8927180e+002  1.8007990e+001
  2.0000000e-001  3.9683480e-001 -3.3459270e+000  2.8754140e+002  1.7957050e+001
  2.0000000e-001  3.9683480e-001 -3.3371390e+000  3.0120490e+002  1.8355260e+001
  2.0000000e-001  3.9683480e-001 -3.3283500e+000  3.1085030e+002  1.8630950e+001
  2.0000000e-001  3.9683480e-001 -3.3195610e+000  3.0929320e+002  1.8586730e+001
  2.0000000e-001  3.9683480e-001 -3.3107720e+000  3.0929930e+002  1.8586910e+001
  2.0000000e-001  3.9683480e-001 -3.3019820e+000  3.2366150e+002  1.8990590e+001
  2.0000000e-001  3.9683480e-001 -3.2931930e+000  3.2510340e+002  1.9030620e+001
  2.0000000e-001  3.9683480e-001 -3.2844030e+000  3.2314690e+002  1.8976290e+001
  2.0000000e-001  3.9683480e-001 -3.2756130e+000  3.2574440e+002  1.9048390e+001
  2.0000000e-001  3.9683480e-001 -3.2668230e+000  3.3091410e+002  1.9191040e+001
  2.0000000e-001  3.9683480e-001 -3.2580330e+000  3.2587320e+002  1.9051960e+001
  2.0000000e-001  3.9683480e-001 -3.2492430e+000  3.3997610e+002  1.9438440e+001
  2.0000000e-001  3.9683480e-001 -3.2404530e+000  3.5200020e+002  1.9761670e+001
  2.0000000e-001  3.9683480e-001 -3.2316620e+000  3.5470840e+002  1.9833700e+001
  2.0000000e-001  3.9683480e-001 -3.2228710e+000  3.5579630e+002  1.9862560e+001
  2.0000000e-001  3.9683480e-001 -3.2140800e+000  3.5535880e+002  1.9850960e+001
  2.0000000e-001  3.9683480e-001 -3.2052890e+000  3.5999660e+002  1.9973580e+001
  2.0000000e-001  3.9683480e-001 -3.1964980e+000  3.6541680e+002  2.0115880e+001
  2.0000000e-001  3.9683480e-001 -3.1877070e+000  3.6269440e+002  2.0044540e+001
  2.0000000e-001  3.9683480e-001 -3.1789150e+000  3.7132070e+002  2.0269680e+001
  2.0000000e-001  3.9683480e-001 -3.1701240e+000  3.8520630e+002  2.0626670e+001
  2.0000000e-001  3.9683480e-001 -3.1613320e+000  3.8176160e+002  2.0538720e+001
  2.0000000e-001  3.9683480e-001 -3.1525400e+000  3.9088380e+002  2.0770780e+001
  2.0000000e-001  3.9683480e-001 -3.1437480e+000  3.9658220e+002  2.0914370e+001
  2.0000000e-001  3.9683480e-001 -3.1349550e+000  3.9500880e+002  2.0874830e+001
  2.0000000e-001  3.9683480e-001 -3.1261630e+000  3.9493490e+002  2.0872970e+001
  2.0000000e-001  3.9683480e-001 -3.1173700e+000  3.9952610e+002  2.0988150e+001
  2.0000000e-001  3.9683480e-001 -3.1085780e+000  3.9830320e+002  2.0957530e+001
  2.0000000e-001  3.9683480e-001 -3.0997850e+000  4.0612300e+002  2.1152490e+001
  2.0000000e-001  3.9683480e-001 -3.0909920e+000  4.2066070e+002  2.1510020e+001
  2.0000000e-001  3.9683480e-001 -3.0821990e+000  4.1945120e+002  2.1480510e+001
  2.0000000e-001  3.9683480e-001 -3.0734060e+000  4.3297530e+002  2.1808060e+001
  2.0000000e-001  3.9683480e-001 -3.0646120e+000  4.1667720e+002  2.1412670e+001
  2.0000000e-001  3.9683480e-001 -3.0558190e+000  4.3568060e+002  2.1872960e+001
  2.0000000e-001  3.9683480e-001 -3.0470250e+000  4.3896020e+002  2.1951380e+001
  2.0000000e-001  3.9683480e-001 -3.0382310e+000  4.4712660e+002  2.2145370e+001
  2.0000000e-001  3.9683480e-001 -3.0294370e+000  4.5435590e+002  2.2315630e+001
  2.0000000e-001  3.9683480e-001 -3.0206430e+000  4.6352930e+002  2.2529730e+001
  2.0000000e-001  3.9683480e-001 -3.0118490e+000  4.6745720e+002  2.2620760e+001
  2.0000000e-001  3.9683480e-001 -3.0030540e+000  4.6406410e+002  2.2542150e+001
  2.0000000e-001  3.9683480e-001 -2.9942600e+000  4.6833900e+002  2.2641140e+001
  2.0000000e-001  3.9683480e-001 -2.9854650e+000  4.7717990e+002  2.2844450e+001
  2.0000000e-001  3.9683480e-001 -2.9766700e+000  4.8044590e+002  2.2919080e+001
  2.0000000e-001  3.9683480e-001 -2.9678750e+000  4.9241710e+002  2.3190470e+001
  2.0000000e-001  3.9683480e-001 -2.9590800e+000  4.9429920e+002  2.3232840e+001
  2.0000000e-001  3.9683480e-001 -2.9502850e+000  4.9226920e+002  2.3187140e+001
  2.0000000e-001  3.9683480e-001 -2.9414890e+000  4.9948330e+002  2.3349120e+001
  2.0000000e-001  3.9683480e-001 -2.9326940e+000  5.0508720e+002  2.3474140e+001
  2.0000000e-001  3.9683480e-001 -2.9238980e+000  5.1103720e+002  2.3606130e+001
  2.0000000e-001  3.9683480e-001 -2.9151020e+000  5.1981520e+002  2.3799460e+001
  2.0000000e-001  3.9683480e-001 -2.9063060e+000  5.2747350e+002  2.3966790e+001
  2.0000000e-001  3.9683480e-001 -2.8975100e+000  5.3249620e+002  2.4075880e+001
  2.0000000e-001  3.9683480e-001 -2.8887140e+000  5.4045030e+002  2.4247590e+001
  2.0000000e-001  3.9683480e-001 -2.8799180e+000  5.5004640e+002  2.4453070e+001
  2.0000000e-001  3.9683480e-001 -2.8711210e+000  5.5216160e+002  2.4498120e+001
  2.0000000e-001  3.9683480e-001 -2.8623240e+000  5.5181340e+002  2.4490710e+001
  2.0000000e-001  3.9683480e-001 -2.8535280e+000  5.6352190e+002  2.4738620e+001
  2.0000000e-001  3.9683480e-001 -2.8447310e+000  5.7667470e+002  2.5014050e+001
  2.0000000e-001  3.9683480e-001 -2.8359340e+000  5.8474230e+002  2.5181450e+001
  2.0000000e-001  3.9683480e-001 -2.8271370e+000  5.9888210e+002  2.5472070e+001
  2.0000000e-001  3.9683480e-001 -2.8183390e+000  6.0169290e+002  2.5529430e+001
  2.0000000e-001  3.9683480e-001 -2.8095420e+000  6.0080800e+002  2.5511390e+001
  2.0000000e-001  3.9683480e-001 -2.8007440e+000  6.0621160e+002  2.5621360e+001
  2.0000000e-001  3.9683480e-001 -2.7919470e+000  6.0815110e+002  2.5660720e+001
  2.0000000e-001  3.9683480e-001 -2.7831490e+000  6.2343620e+002  2.5968700e+001
  2.0000000e-001  3.9683480e-001 -2.7743510e+000  6.2387860e+002  2.5977560e+001
  2.0000000e-001  3.9683480e-001 -2.7655530e+000  6.3612120e+002  2.6221440e+001
  2.0000000e-001  3.9683480e-001 -2.7567550e+000  6.4669660e+002  2.6430230e+001
  2.0000000e-001  3.9683480e-001 -2.7479560e+000  6.4696760e+002  2.6435560e+001
  2.0000000e-001  3.9683480e-001 -2.7391580e+000  6.5105630e+002  2.6515800e+001
  2.0000000e-001  3.9683480e-001 -2.7303590e+000  6.6485110e+002  2.6784710e+001
  2.0000000e-001  3.9683480e-001 -2.7215600e+000  6.7602760e+002  2.7000530e+001
  2.0000000e-001  3.9683480e-001 -2.7127610e+000  6.8105070e+002  2.7096950e+001
  2.0000000e-001  3.9683480e-001 -2.7039630e+000  6.8618440e+002  2.7195120e+001
  2.0000000e-001  3.9683480e-001 -2.6951630e+000  7.0159520e+002  2.7487640e+001
  2.0000000e-001  3.9683480e-001 -2.6863640e+000  7.0936270e+002  2.7633860e+001
  2.0000000e-001  3.9683480e-001 -2.6775650e+000  7.1174870e+002  2.7678620e+001
  2.0000000e-001  3.9683480e-001 -2.6687650e+000  7.1414120e+002  2.7723420e+001
  2.0000000e-001  3.9683480e-001 -2.6599660e+000  7.3510710e+002  2.8112860e+001
  2.0000000e-001  3.9683480e-001 -2.6511660e+000  7.5516390e+002  2.8480250e+001
  2.0000000e-001  3.9683480e-001 -2.6423660e+000  7.5730500e+002  2.8519170e+001
  2.0000000e-001  3.9683480e-001 -2.6335660e+000  7.6076680e+002  2.8582000e+001
  2.0000000e-001  3.9683480e-001 -2.6247660e+000  7.6090060e+002  2.8584430e+001
  2.0000000e-001  3.9683480e-001 -2.6159650e+000  7.6599220e+002  2.8676570e+001
  2.0000000e-001  3.9683480e-001 -2.6071650e+000  7.8126560e+002  2.8951130e+001
  2.0000000e-001  3.9683480e-001 -2.5983650e+000  8.1229180e+002  2.9500730e+001
  2.0000000e-001  3.9683480e-001 -2.5895640e+000  8.1778200e+002  2.9596890e+001
  2.0000000e-001  3.9683480e-001 -2.5807630e+000  8.2666480e+002  2.9751780e+001
  2.0000000e-001  3.9683480e-001 -2.5719620e+000  8.4000870e+002  2.9982900e+001
  2.0000000e-001  3.9683480e-001 -2.5631610e+000  8.3306450e+002  2.9862860e+001
  2.0000000e-001  3.9683480e-001 -2.5543600e+000  8.5249940e+002  3.0197590e+001
  2.0000000e-001  3.9683480e-001 -2.5455590e+000  8.6915590e+002  3.0481450e+001
  2.0000000e-001  3.9683480e-001 -2.5367580e+000  8.6524050e+002  3.0414970e+001
  2.0000000e-001  3.9683480e-001 -2.5279560e+000  8.8182140e+002  3.0695480e+001
  2.0000000e-001  3.9683480e-001 -2.5191550e+000  8.9917080e+002  3.0986180e+001
  2.0000000e-001  3.9683480e-001 -2.5103530e+000  9.1544890e+002  3.1256390e+001
  2.0000000e-001  3.9683480e-001 -2.5015510e+000  9.1365580e+002  3.1226740e+001
  2.0000000e-001  3.9683480e-001 -2.4927490e+000  9.2465950e+002  3.1408210e+001
  2.0000000e-001  3.9683480e-001 -2.4839470e+000  9.4262990e+002  3.1702280e+001
  2.0000000e-001  3.9683480e-001 -2.4751450e+000  9.5691030e+002  3.1933970e+001
  2.0000000e-001  3.9683480e-001 -2.4663420e+000  9.6149510e+002  3.2007980e+001
  2.0000000e-001  3.9683480e-001 -2.4575400e+000  9.7122030e+002  3.2164410e+001
  2.0000000e-001  3.9683480e-001 -2.4487380e+000  9.9293400e+002  3.2510860e+001
  2.0000000e-001  3.9683480e-001 -2.4399350e+000  9.9610130e+002  3.2561070e+001
  2.0000000e-001  3.9683480e-001 -2.4311320e+000  1.0056420e+003  3.2711860e+001
  2.0000000e-001  3.9683480e-001 -2.4223290e+000  1.0205390e+003  3.2945870e+001
  2.0000000e-001  3.9683480e-001 -2.4135260e+000  1.0292400e+003  3.3081770e+001
  2.0000000e-001  3.9683480e-001 -2.4047230e+000  1.0366590e+003  3.3197190e+001
  2.0000000e-001  3.9683480e-001 -2.3959200e+000  1.0529830e+003  3.3449700e+001
  2.0000000e-001  3.9683480e-001 -2.3871170e+000  1.0624650e+003  3.3595470e+001
  2.0000000e-001  3.9683480e-001 -2.3783130e+000  1.0759620e+003  3.3801860e+001
  2.0000000e-001  3.9683480e-001 -2.3695090e+000  1.0977170e+003  3.4131820e+001
  2.0000000e-001  3.9683480e-001 -2.3607060e+000  1.1008580e+003  3.4179190e+001
  2.0000000e-001  3.9683480e-001 -2.3519020e+000  1.1050020e+003  3.4241570e+001
  2.0000000e-001  3.9683480e-001 -2.3430980e+000  1.1228790e+003  3.4509390e+001
  2.0000000e-001  3.9683480e-001 -2.3342940e+000  1.1397780e+003  3.4760600e+001
  2.0000000e-001  3.9683480e-001 -2.3254900e+000  1.1504750e+003  3.4918660e+001
  2.0000000e-001  3.9683480e-001 -2.3166860e+000  1.1559280e+003  3.4998940e+001
  2.0000000e-001  3.9683480e-001 -2.3078820e+000  1.1613560e+003  3.5078680e+001
  2.0000000e-001  3.9683480e-001 -2.2990770e+000  1.1940290e+003  3.5554730e+001
  2.0000000e-001  3.9683480e-001 -2.2902720e+000  1.1929600e+003  3.5539260e+001
  2.0000000e-001  3.9683480e-001 -2.2814590e+000  1.2242680e+003  3.5989540e+001
  2.0000000e-001  3.9683480e-001 -2.2726540e+000  1.2237030e+003  3.5981460e+001
  2.0000000e-001  3.9683480e-001 -2.2638490e+000  1.2307130e+003  3.6081520e+001
  2.0000000e-001  3.9683480e-001 -2.2550440e+000  1.2544810e+003  3.6418660e+001
  2.0000000e-001  3.9683480e-001 -2.2462390e+000  1.2508950e+003  3.6367990e+001
  2.0000000e-001  3.9683480e-001 -2.2374340e+000  1.2866040e+003  3.6869260e+001
  2.0000000e-001  3.9683480e-001 -2.2286290e+000  1.2813890e+003  3.6796490e+001
  2.0000000e-001  3.9683480e-001 -2.2198230e+000  1.2706450e+003  3.6646110e+001
  2.0000000e-001  3.9683480e-001 -2.2110180e+000  1.2974620e+003  3.7020290e+001
  2.0000000e-001  3.9683480e-001 -2.2022120e+000  1.3252380e+003  3.7403810e+001
  2.0000000e-001  3.9683480e-001 -2.1934070e+000  1.3312960e+003  3.7486930e+001
  2.0000000e-001  3.9683480e-001 -2.1846010e+000  1.3253820e+003  3.7405800e+001
  2.0000000e-001  3.9683480e-001 -2.1757950e+000  1.3284610e+003  3.7448060e+001
  2.0000000e-001  3.9683480e-001 -2.1669890e+000  1.3414180e+003  3.7625370e+001
  2.0000000e-001  3.9683480e-001 -2.1581830e+000  1.3588990e+003  3.7863250e+001
  2.0000000e-001  3.9683480e-001 -2.1493760e+000  1.3602550e+003  3.7881630e+001
  2.0000000e-001  3.9683480e-001 -2.1405700e+000  1.3845910e+003  3.8210100e+001
  2.0000000e-001  3.9683480e-001 -2.1317640e+000  1.3984740e+003  3.8396170e+001
  2.0000000e-001  3.9683480e-001 -2.1229570e+000  1.4095840e+003  3.8544430e+001
  2.0000000e-001  3.9683480e-001 -2.1141510e+000  1.4075900e+003  3.8517860e+001
  2.0000000e-001  3.9683480e-001 -2.1053440e+000  1.4221320e+003  3.8711160e+001
  2.0000000e-001  3.9683480e-001 -2.0965370e+000  1.4179860e+003  3.8656160e+001
  2.0000000e-001  3.9683480e-001 -2.0877300e+000  1.4437970e+003  3.8997330e+001
  2.0000000e-001  3.9683480e-001 -2.0789230e+000  1.4402880e+003  3.8951130e+001
  2.0000000e-001  3.9683480e-001 -2.0701160e+000  1.4478370e+003  3.9050450e+001
  2.0000000e-001  3.9683480e-001 -2.0613080e+000  1.4408210e+003  3.8958150e+001
  2.0000000e-001  3.9683480e-001 -2.0525010e+000  1.4466730e+003  3.9035160e+001
  2.0000000e-001  3.9683480e-001 -2.0436940e+000  1.4852310e+003  3.9538690e+001
  2.0000000e-001  3.9683480e-001 -2.0348860e+000  1.5137330e+003  3.9906720e+001
  2.0000000e-001  3.9683480e-001 -2.0260790e+000  1.5211130e+003  4.0001450e+001
  2.0000000e-001  3.9683480e-001 -2.0172710e+000  1.5093610e+003  3.9850490e+001
  2.0000000e-001  3.9683480e-001 -2.0084630e+000  1.5272610e+003  4.0080190e+001
  2.0000000e-001  3.9683480e-001 -1.9996550e+000  1.5335620e+003  4.0160720e+001
  2.0000000e-001  3.9683480e-001 -1.9908470e+000  1.5290560e+003  4.0103140e+001
  2.0000000e-001  3.9683480e-001 -1.9820390e+000  1.5391740e+003  4.0232300e+001
  2.0000000e-001  3.9683480e-001 -1.9732310e+000  1.5388420e+003  4.0228070e+001
  2.0000000e-001  3.9683480e-001 -1.9644230e+000  1.5344020e+003  4.0171450e+001
  2.0000000e-001  3.9683480e-001 -1.9556140e+000  1.5486060e+003  4.0352330e+001
  2.0000000e-001  3.9683480e-001 -1.9468060e+000  1.5491020e+003  4.0358630e+001
  2.0000000e-001  3.9683480e-001 -1.9379970e+000  1.5410470e+003  4.0256180e+001
  2.0000000e-001  3.9683480e-001 -1.9291880e+000  1.5473490e+003  4.0336360e+001
  2.0000000e-001  3.9683480e-001 -1.9203800e+000  1.5661200e+003  4.0574230e+001
  2.0000000e-001  3.9683480e-001 -1.9115710e+000  1.5620860e+003  4.0523230e+001
  2.0000000e-001  3.9683480e-001 -1.9027620e+000  1.5542790e+003  4.0424340e+001
  2.0000000e-001  3.9683480e-001 -1.8939530e+000  1.5865260e+003  4.0831220e+001
  2.0000000e-001  3.9683480e-001 -1.8851440e+000  1.5915570e+003  4.0894330e+001
  2.0000000e-001  3.9683480e-001 -1.8763350e+000  1.6027360e+003  4.1034180e+001
  2.0000000e-001  3.9683480e-001 -1.8675250e+000  1.5785040e+003  4.0730380e+001
  2.0000000e-001  3.9683480e-001 -1.8587160e+000  1.5871500e+003  4.0839050e+001
  2.0000000e-001  3.9683480e-001 -1.8499070e+000  1.5880020e+003  4.0849750e+001
  2.0000000e-001  3.9683480e-001 -1.8410970e+000  1.5799340e+003  4.0748390e+001
  2.0000000e-001  3.9683480e-001 -1.8322870e+000  1.5621260e+003  4.0523740e+001
  2.0000000e-001  3.9683480e-001 -1.8234780e+000  1.5775350e+003  4.0718190e+001
  2.0000000e-001  3.9683480e-001 -1.8146680e+000  1.5668180e+003  4.0583050e+001
  2.0000000e-001  3.9683480e-001 -1.8058580e+000  1.5620230e+003  4.0522430e+001
  2.0000000e-001  3.9683480e-001 -1.7970480e+000  1.5595940e+003  4.0491700e+001
  2.0000000e-001  3.9683480e-001 -1.7882380e+000  1.5751740e+003  4.0688460e+001
  2.0000000e-001  3.9683480e-001 -1.7794280e+000  1.5685560e+003  4.0605000e+001
  2.0000000e-001  3.9683480e-001 -1.7706180e+000  1.5560980e+003  4.0447410e+001
  2.0000000e-001  3.9683480e-001 -1.7618070e+000  1.5575660e+003  4.0466010e+001
  2.0000000e-001  3.9683480e-001 -1.7529970e+000  1.5652900e+003  4.0563750e+001
  2.0000000e-001  3.9683480e-001 -1.7441860e+000  1.5581240e+003  4.0473080e+001
  2.0000000e-001  3.9683480e-001 -1.7353760e+000  1.5378920e+003  4.0215970e+001
  2.0000000e-001  3.9683480e-001 -1.7265650e+000  1.5413560e+003  4.0260110e+001
  2.0000000e-001  3.9683480e-001 -1.7177540e+000  1.5481730e+003  4.0346830e+001
  2.0000000e-001  3.9683480e-001 -1.7089440e+000  1.5291290e+003  4.0104070e+001
  2.0000000e-001  3.9683480e-001 -1.7001330e+000  1.5420650e+003  4.0269130e+001
  2.0000000e-001  3.9683480e-001 -1.6913220e+000  1.5287800e+003  4.0099620e+001
  2.0000000e-001  3.9683480e-001 -1.6825110e+000  1.5155850e+003  3.9930520e+001
  2.0000000e-001  3.9683480e-001 -1.6737000e+000  1.5247490e+003  4.0048030e+001
  2.0000000e-001  3.9683480e-001 -1.6648880e+000  1.4985260e+003  3.9710790e+001
  2.0000000e-001  3.9683480e-001 -1.6560770e+000  1.5171190e+003  3.9950210e+001
  2.0000000e-001  3.9683480e-001 -1.6472660e+000  1.4952450e+003  3.9668400e+001
  2.0000000e-001  3.9683480e-001 -1.6384540e+000  1.4620890e+003  3.9237270e+001
  2.0000000e-001  3.9683480e-001 -1.6296430e+000  1.4670780e+003  3.9302460e+001
  2.0000000e-001  3.9683480e-001 -1.6208310e+000  1.4698460e+003  3.9338570e+001
  2.0000000e-001  3.9683480e-001 -1.6120200e+000  1.4460460e+003  3.9026910e+001
  2.0000000e-001  3.9683480e-001 -1.6032080e+000  1.4338620e+003  3.8866370e+001
  2.0000000e-001  3.9683480e-001 -1.5943960e+000  1.4263740e+003  3.8767370e+001
  2.0000000e-001  3.9683480e-001 -1.5855840e+000  1.4314850e+003  3.8834970e+001
  2.0000000e-001  3.9683480e-001 -1.5767720e+000  1.4213170e+003  3.8700360e+001
  2.0000000e-001  3.9683480e-001 -1.5679600e+000  1.4104020e+003  3.8555320e+001
  2.0000000e-001  3.9683480e-001 -1.5591480e+000  1.3963460e+003  3.8367720e+001
  2.0000000e-001  3.9683480e-001 -1.5503360e+000  1.3803160e+003  3.8152600e+001
  2.0000000e-001  3.9683480e-001 -1.5415230e+000  1.3750350e+003  3.8081460e+001
  2.0000000e-001  3.9683480e-001 -1.5327110e+000  1.3659540e+003  3.7958810e+001
  2.0000000e-001  3.9683480e-001 -1.5238990e+000  1.3571630e+003  3.7839690e+001
  2.0000000e-001  3.9683480e-001 -1.5150860e+000  1.3453360e+003  3.7678820e+001
  2.0000000e-001  3.9683480e-001 -1.5062740e+000  1.3325700e+003  3.7504380e+001
  2.0000000e-001  3.9683480e-001 -1.4974610e+000  1.3355630e+003  3.7545360e+001
  2.0000000e-001  3.9683480e-001 -1.4886480e+000  1.3121060e+003  3.7223000e+001
  2.0000000e-001  3.9683480e-001 -1.4798360e+000  1.3192650e+003  3.7321690e+001
  2.0000000e-001  3.9683480e-001 -1.4710230e+000  1.2830410e+003  3.6819560e+001
  2.0000000e-001  3.9683480e-001 -1.4622100e+000  1.2915650e+003  3.6938350e+001
  2.0000000e-001  3.9683480e-001 -1.4533970e+000  1.2455740e+003  3.6292690e+001
  2.0000000e-001  3.9683480e-001 -1.4445840e+000  1.2584210e+003  3.6474230e+001
  2.0000000e-001  3.9683480e-001 -1.4357710e+000  1.2615700e+003  3.6518590e+001
  2.0000000e-001  3.9683480e-001 -1.4269570e+000  1.2472810e+003  3.6316860e+001
  2.0000000e-001  3.9683480e-001 -1.4181440e+000  1.2282150e+003  3.6045890e+001
  2.0000000e-001  3.9683480e-001 -1.4093310e+000  1.2071460e+003  3.5744010e+001
  2.0000000e-001  3.9683480e-001 -1.4005170e+000  1.2115160e+003  3.5806840e+001
  2.0000000e-001  3.9683480e-001 -1.3917040e+000  1.1930790e+003  3.5540980e+001
  2.0000000e-001  3.9683480e-001 -1.3828900e+000  1.1798780e+003  3.5349360e+001
  2.0000000e-001  3.9683480e-001 -1.3740770e+000  1.1649340e+003  3.5131130e+001
  2.0000000e-001  3.9683480e-001 -1.3652630e+000  1.1590070e+003  3.5044190e+001
  2.0000000e-001  3.9683480e-001 -1.3564490e+000  1.1445270e+003  3.4830850e+001
  2.0000000e-001  3.9683480e-001 -1.3476360e+000  1.1192100e+003  3.4454600e+001
  2.0000000e-001  3.9683480e-001 -1.3388220e+000  1.1078300e+003  3.4284080e+001
  2.0000000e-001  3.9683480e-001 -1.3300080e+000  1.1020430e+003  3.4197030e+001
  2.0000000e-001  3.9683480e-001 -1.3211940e+000  1.0754020e+003  3.3793320e+001
  2.0000000e-001  3.9683480e-001 -1.3123800e+000  1.0763630e+003  3.3807970e+001
  2.0000000e-001  3.9683480e-001 -1.3035660e+000  1.0731300e+003  3.3758660e+001
  2.0000000e-001  3.9683480e-001 -1.2947520e+000  1.0545580e+003  3.3473960e+001
  2.0000000e-001  3.9683480e-001 -1.2859370e+000  1.0398630e+003  3.3246910e+001
  2.0000000e-001  3.9683480e-001 -1.2771230e+000  1.0366570e+003  3.3197150e+001
  2.0000000e-001  3.9683480e-001 -1.2683090e+000  1.0150140e+003  3.2859280e+001
  2.0000000e-001  3.9683480e-001 -1.2594940e+000  1.0237160e+003  3.2995570e+001
  2.0000000e-001  3.9683480e-001 -1.2506800e+000  9.8998790e+002  3.2464070e+001
  2.0000000e-001  3.9683480e-001 -1.2418650e+000  9.8148650e+002  3.2328690e+001
  2.0000000e-001  3.9683480e-001 -1.2330510e+000  9.6867960e+002  3.2123620e+001
  2.0000000e-001  3.9683480e-001 -1.2242360e+000  9.5575760e+002  3.1915330e+001
  2.0000000e-001  3.9683480e-001 -1.2154210e+000  9.4240140e+002  3.1698560e+001
  2.0000000e-001  3.9683480e-001 -1.2066070e+000  9.3332950e+002  3.1550440e+001
  2.0000000e-001  3.9683480e-001 -1.1977920e+000  9.3819910e+002  3.1630040e+001
  2.0000000e-001  3.9683480e-001 -1.1889770e+000  9.2302830e+002  3.1381380e+001
  2.0000000e-001  3.9683480e-001 -1.1801620e+000  9.0880900e+002  3.1146460e+001
  2.0000000e-001  3.9683480e-001 -1.1713470e+000  9.0188750e+002  3.1031440e+001
  2.0000000e-001  3.9683480e-001 -1.1625320e+000  8.8915410e+002  3.0818690e+001
  2.0000000e-001  3.9683480e-001 -1.1537170e+000  8.7221670e+002  3.0533320e+001
  2.0000000e-001  3.9683480e-001 -1.1449020e+000  8.7312600e+002  3.0548710e+001
  2.0000000e-001  3.9683480e-001 -1.1360870e+000  8.5851680e+002  3.0300460e+001
  2.0000000e-001  3.9683480e-001 -1.1272710e+000  8.3800420e+002  2.9948300e+001
  2.0000000e-001  3.9683480e-001 -1.1184560e+000  8.3575600e+002  2.9909450e+001
  2.0000000e-001  3.9683480e-001 -1.1096410e+000  8.1616350e+002  2.9568580e+001
  2.0000000e-001  3.9683480e-001 -1.1008250e+000  8.2297480e+002  2.9687540e+001
  2.0000000e-001  3.9683480e-001 -1.0920100e+000  8.1204270e+002  2.9496360e+001
  2.0000000e-001  3.9683480e-001 -1.0831940e+000  8.0128340e+002  2.9306950e+001
  2.0000000e-001  3.9683480e-001 -1.0743790e+000  7.8140810e+002  2.8953680e+001
  2.0000000e-001  3.9683480e-001 -1.0655630e+000  7.6002730e+002  2.8568590e+001
  2.0000000e-001  3.9683480e-001 -1.0567480e+000  7.5426060e+002  2.8463810e+001
  2.0000000e-001  3.9683480e-001 -1.0479320e+000  7.5787410e+002  2.8529510e+001
  2.0000000e-001  3.9683480e-001 -1.0391160e+000  7.5516580e+002  2.8480280e+001
  2.0000000e-001  3.9683480e-001 -1.0303000e+000  7.5533390e+002  2.8483340e+001
  2.0000000e-001  3.9683480e-001 -1.0214840e+000  7.4104250e+002  2.8222100e+001
  2.0000000e-001  3.9683480e-001 -1.0126680e+000  7.2836900e+002  2.7988310e+001
  2.0000000e-001  3.9683480e-001 -1.0038520e+000  7.2216560e+002  2.7873140e+001
  2.0000000e-001  3.9683480e-001 -9.9503650e-001  7.0531300e+002  2.7557730e+001
  2.0000000e-001  3.9683480e-001 -9.8622040e-001  7.1241140e+002  2.7691030e+001
  2.0000000e-001  3.9683480e-001 -9.7740430e-001  6.9086020e+002  2.7284220e+001
  2.0000000e-001  3.9683480e-001 -9.6858820e-001  6.9451730e+002  2.7353700e+001
  2.0000000e-001  3.9683480e-001 -9.5977200e-001  6.8298720e+002  2.7134020e+001
  2.0000000e-001  3.9683480e-001 -9.5095570e-001  6.6419410e+002  2.6771960e+001
  2.0000000e-001  3.9683480e-001 -9.4213940e-001  6.8392740e+002  2.7152010e+001
  2.0000000e-001  3.9683480e-001 -9.3332310e-001  6.6986910e+002  2.6881830e+001
  2.0000000e-001  3.9683480e-001 -9.2450670e-001  6.5648330e+002  2.6621930e+001
  2.0000000e-001  3.9683480e-001 -9.1569030e-001  6.4719660e+002  2.6440060e+001
  2.0000000e-001  3.9683480e-001 -9.0687390e-001  6.4209770e+002  2.6339650e+001
  2.0000000e-001  3.9683480e-001 -8.9805730e-001  6.3660130e+002  2.6230960e+001
  2.0000000e-001  3.9683480e-001 -8.8924080e-001  6.2448630e+002  2.5989730e+001
  2.0000000e-001  3.9683480e-001 -8.8042420e-001  6.2116110e+002  2.5923100e+001
  2.0000000e-001  3.9683480e-001 -8.7160760e-001  6.2518550e+002  2.6003710e+001
  2.0000000e-001  3.9683480e-001 -8.6279090e-001  6.2243840e+002  2.5948720e+001
  2.0000000e-001  3.9683480e-001 -8.5397420e-001  6.1049210e+002  2.5708140e+001
  2.0000000e-001  3.9683480e-001 -8.4515740e-001  6.0224460e+002  2.5540670e+001
  2.0000000e-001  3.9683480e-001 -8.3633180e-001  6.0456390e+002  2.5587880e+001
  2.0000000e-001  3.9683480e-001 -8.2751500e-001  6.0688340e+002  2.5635000e+001
  2.0000000e-001  3.9683480e-001 -8.1869810e-001  6.0740790e+002  2.5645650e+001
  2.0000000e-001  3.9683480e-001 -8.0988120e-001  6.0330110e+002  2.5562190e+001
  2.0000000e-001  3.9683480e-001 -8.0106430e-001  6.0544780e+002  2.5605850e+001
  2.0000000e-001  3.9683480e-001 -7.9224730e-001  5.9903620e+002  2.5475220e+001
  2.0000000e-001  3.9683480e-001 -7.8343030e-001  5.9440770e+002  2.5380480e+001
  2.0000000e-001  3.9683480e-001 -7.7461320e-001  5.8968850e+002  2.5283500e+001
  2.0000000e-001  3.9683480e-001 -7.6579610e-001  5.8849730e+002  2.5258960e+001
  2.0000000e-001  3.9683480e-001 -7.5697900e-001  5.8666630e+002  2.5221200e+001
  2.0000000e-001  3.9683480e-001 -7.4816180e-001  5.8964250e+002  2.5282550e+001
  2.0000000e-001  3.9683480e-001 -7.3934460e-001  5.8409260e+002  2.5168010e+001
  2.0000000e-001  3.9683480e-001 -7.3052730e-001  5.8500800e+002  2.5186940e+001
  2.0000000e-001  3.9683480e-001 -7.2171010e-001  5.8725570e+002  2.5233360e+001
  2.0000000e-001  3.9683480e-001 -7.1289280e-001  5.8433780e+002  2.5173080e+001
  2.0000000e-001  3.9683480e-001 -7.0407540e-001  5.9325570e+002  2.5356840e+001
  2.0000000e-001  3.9683480e-001 -6.9525800e-001  5.9724380e+002  2.5438570e+001
  2.0000000e-001  3.9683480e-001 -6.8644060e-001  6.0980120e+002  2.5694150e+001
  2.0000000e-001  3.9683480e-001 -6.7762320e-001  6.1965170e+002  2.5892800e+001
  2.0000000e-001  3.9683480e-001 -6.6880570e-001  6.2368680e+002  2.5973720e+001
  2.0000000e-001  3.9683480e-001 -6.5998820e-001  6.2341670e+002  2.5968310e+001
  2.0000000e-001  3.9683480e-001 -6.5117070e-001  6.3469020e+002  2.6193060e+001
  2.0000000e-001  3.9683480e-001 -6.4235310e-001  6.4408630e+002  2.6378850e+001
  2.0000000e-001  3.9683480e-001 -6.3353550e-001  6.4795890e+002  2.6455040e+001
  2.0000000e-001  3.9683480e-001 -6.2471790e-001  6.6254050e+002  2.6739860e+001
  2.0000000e-001  3.9683480e-001 -6.1590020e-001  6.8543670e+002  2.7180850e+001
  2.0000000e-001  3.9683480e-001 -6.0708250e-001  6.8559070e+002  2.7183790e+001
  2.0000000e-001  3.9683480e-001 -5.9826480e-001  7.1307790e+002  2.7703520e+001
  2.0000000e-001  3.9683480e-001 -5.8944710e-001  7.2717150e+002  2.7966120e+001
  2.0000000e-001  3.9683480e-001 -5.8062930e-001  7.3972310e+002  2.8197850e+001
  2.0000000e-001  3.9683480e-001 -5.7181150e-001  7.5660010e+002  2.8506360e+001
  2.0000000e-001  3.9683480e-001 -5.6299360e-001  7.7986710e+002  2.8926100e+001
  2.0000000e-001  3.9683480e-001 -5.5417580e-001  8.0656590e+002  2.9400100e+001
  2.0000000e-001  3.9683480e-001 -5.4535790e-001  8.3741250e+002  2.9938080e+001
  2.0000000e-001  3.9683480e-001 -5.3654000e-001  8.5100440e+002  3.0171980e+001
  2.0000000e-001  3.9683480e-001 -5.2772210e-001  8.7703330e+002  3.0614750e+001
  2.0000000e-001  3.9683480e-001 -5.1890410e-001  9.1617050e+002  3.1268310e+001
  2.0000000e-001  3.9683480e-001 -5.1008610e-001  9.5770430e+002  3.1946800e+001
  2.0000000e-001  3.9683480e-001 -5.0126810e-001  9.9428470e+002  3.2532280e+001
  2.0000000e-001  3.9683480e-001 -4.9245010e-001  1.0409890e+003  3.3264370e+001
  2.0000000e-001  3.9683480e-001 -4.8363210e-001  1.0799630e+003  3.3862790e+001
  2.0000000e-001  3.9683480e-001 -4.7481400e-001  1.1202450e+003  3.4470060e+001
  2.0000000e-001  3.9683480e-001 -4.6599590e-001  1.1764920e+003  3.5300030e+001
  2.0000000e-001  3.9683480e-001 -4.5717780e-001  1.2439320e+003  3.6269420e+001
  2.0000000e-001  3.9683480e-001 -4.4835960e-001  1.2895110e+003  3.6909760e+001
  2.0000000e-001  3.9683480e-001 -4.3954150e-001  1.3933780e+003  3.8327980e+001
  2.0000000e-001  3.9683480e-001 -4.3072330e-001  1.4798960e+003  3.9469420e+001
  2.0000000e-001  3.9683480e-001 -4.2190510e-001  1.5757470e+003  4.0695670e+001
  2.0000000e-001  3.9683480e-001 -4.1308690e-001  1.6718980e+003  4.1888840e+001
  2.0000000e-001  3.9683480e-001 -4.0426860e-001  1.7931940e+003  4.3346120e+001
  2.0000000e-001  3.9683480e-001 -3.9545040e-001  1.9492630e+003  4.5150460e+001
  2.0000000e-001  3.9683480e-001 -3.8663210e-001  2.0734950e+003  4.6535640e+001
  2.0000000e-001  3.9683480e-001 -3.7781380e-001  2.2591350e+003  4.8530360e+001
  2.0000000e-001  3.9683480e-001 -3.6899540e-001  2.4392190e+003  5.0388450e+001
  2.0000000e-001  3.9683480e-001 -3.6017710e-001  2.6712280e+003  5.2683930e+001
  2.0000000e-001  3.9683480e-001 -3.5135870e-001  2.9118120e+003  5.4961210e+001
  2.0000000e-001  3.9683480e-001 -3.4254040e-001  3.2139240e+003  5.7691480e+001
  2.0000000e-001  3.9683480e-001 -3.3372200e-001  3.5627950e+003  6.0689160e+001
  2.0000000e-001  3.9683480e-001 -3.2490360e-001  3.9634770e+003  6.3956150e+001
  2.0000000e-001  3.9683480e-001 -3.1608520e-001  4.4267240e+003  6.7533630e+001
  2.0000000e-001  3.9683480e-001 -3.0726670e-001  4.9327310e+003  7.1233410e+001
  2.0000000e-001  3.9683480e-001 -2.9844830e-001  5.5433030e+003  7.5453360e+001
  2.0000000e-001  3.9683480e-001 -2.8962980e-001  6.2395390e+003  7.9990750e+001
  2.0000000e-001  3.9683480e-001 -2.8081140e-001  7.0429820e+003  8.4922480e+001
  2.0000000e-001  3.9683480e-001 -2.7199290e-001  7.9889470e+003  9.0380910e+001
  2.0000000e-001  3.9683480e-001 -2.6317440e-001  9.0199270e+003  9.5973290e+001
  2.0000000e-001  3.9683480e-001 -2.5435590e-001  1.0176990e+004  1.0188110e+002
  2.0000000e-001  3.9683480e-001 -2.4553730e-001  1.1335600e+004  1.0746880e+002
  2.0000000e-001  3.9683480e-001 -2.3671880e-001  1.1794700e+004  1.0960340e+002
  2.0000000e-001  3.9683480e-001 -2.2790030e-001  5.2001260e+003  7.3111900e+001
  2.0000000e-001  3.9683480e-001 -2.1908170e-001  1.2464760e+003  3.6305460e+001
  2.0000000e-001  3.9683480e-001 -2.1026310e-001  7.3562750e+002  2.8122450e+001
  2.0000000e-001  3.9683480e-001 -2.0144460e-001  4.9885330e+002  2.3335020e+001
  2.0000000e-001  3.9683480e-001 -1.9262600e-001  1.6524220e+002  1.3854660e+001
  2.0000000e-001  3.9683480e-001 -1.8380740e-001  2.4860120e+001  5.9859920e+000
  2.0000000e-001  3.9683480e-001 -1.7498880e-001 -1.3433810e+001  4.6652160e+000
  2.0000000e-001  3.9683480e-001 -1.6617020e-001 -3.1669060e+001  6.6275270e+000
  2.0000000e-001  3.9683480e-001 -1.5735150e-001 -4.4241310e+001  7.6514140e+000
  2.0000000e-001  3.9683480e-001 -1.4853290e-001 -5.2556980e+001  8.2496190e+000
  2.0000000e-001  3.9683480e-001 -1.3971430e-001 -5.9885650e+001  8.7385830e+000
  2.0000000e-001  3.9683480e-001 -1.3089560e-001 -6.5566760e+001  9.0973300e+000
  2.0000000e-001  3.9683480e-001 -1.2207700e-001 -6.9949100e+001  9.3635580e+000
  2.0000000e-001  3.9683480e-001 -1.1325830e-001 -7.3550770e+001  9.5761750e+000
  2.0000000e-001  3.9683480e-001 -1.0443970e-001 -7.5057330e+001  9.6635640e+000
  2.0000000e-001  3.9683480e-001 -9.5620990e-002 -7.5491190e+001  9.6885660e+000
  2.0000000e-001  3.9683480e-001 -8.6802320e-002 -7.8136050e+001  9.8394590e+000
  2.0000000e-001  3.9683480e-001 -7.7983650e-002 -7.9095630e+001  9.8935720e+000
  2.0000000e-001  3.9683480e-001 -6.9164970e-002 -8.0017100e+001  9.9452280e+000
  2.0000000e-001  3.9683480e-001 -6.0346290e-002 -8.0937900e+001  9.9965500e+000
  2.0000000e-001  3.9683480e-001 -5.1527600e-002 -8.0950940e+001  9.9972730e+000
  2.0000000e-001  3.9683480e-001 -4.2708920e-002 -8.1819670e+001  1.0045420e+001
  2.0000000e-001  3.9683480e-001 -3.3890230e-002 -8.3151840e+001  1.0118760e+001
  2.0000000e-001  3.9683480e-001 -2.5071540e-002 -8.3032680e+001  1.0112230e+001
  2.0000000e-001  3.9683480e-001 -1.6252850e-002 -8.1877330e+001  1.0048610e+001
  2.0000000e-001  3.9683480e-001 -7.4341580e-003 -8.4905940e+001  1.0214440e+001
  2.0000000e-001  3.9683480e-001  1.3845350e-003 -8.3745250e+001  1.0151240e+001
  2.0000000e-001  3.9683480e-001  1.0203230e-002 -8.4826640e+001  1.0210140e+001
  2.0000000e-001  3.9683480e-001  1.9021920e-002 -8.5192420e+001  1.0229970e+001
  2.0000000e-001  3.9683480e-001  2.7840610e-002 -8.4903050e+001  1.0214290e+001
  2.0000000e-001  3.9683480e-001  3.6659300e-002 -8.4913900e+001  1.0214870e+001
  2.0000000e-001  3.9683480e-001  4.5477990e-002 -8.2112140e+001  1.0061570e+001
  2.0000000e-001  3.9683480e-001  5.4296670e-002 -8.2877530e+001  1.0103710e+001
  2.0000000e-001  3.9683480e-001  6.3115360e-002 -8.4719250e+001  1.0204310e+001
  2.0000000e-001  3.9683480e-001  7.1934040e-002 -8.4710760e+001  1.0203850e+001
  2.0000000e-001  3.9683480e-001  8.0752720e-002 -8.3970290e+001  1.0163530e+001
  2.0000000e-001  3.9683480e-001  8.9571390e-002 -8.3568370e+001  1.0141570e+001
  2.0000000e-001  3.9683480e-001  9.8390050e-002 -8.3090780e+001  1.0115410e+001
  2.0000000e-001  3.9683480e-001  1.0720870e-001 -8.3506190e+001  1.0138170e+001
  2.0000000e-001  3.9683480e-001  1.1602740e-001 -8.2992510e+001  1.0110020e+001
  2.0000000e-001  3.9683480e-001  1.2484600e-001 -8.2465480e+001  1.0081050e+001
  2.0000000e-001  3.9683480e-001  1.3366470e-001 -8.1556680e+001  1.0030870e+001
  2.0000000e-001  3.9683480e-001  1.4248330e-001 -7.8872800e+001  9.8810370e+000
  2.0000000e-001  3.9683480e-001  1.5130200e-001 -7.7947740e+001  9.8288020e+000
  2.0000000e-001  3.9683480e-001  1.6012060e-001 -7.7855930e+001  9.8236010e+000
  2.0000000e-001  3.9683480e-001  1.6893920e-001 -7.6481770e+001  9.7453850e+000
  2.0000000e-001  3.9683480e-001  1.7775780e-001 -7.4121890e+001  9.6094070e+000
  2.0000000e-001  3.9683480e-001  1.8657640e-001 -7.3136300e+001  9.5519760e+000
  2.0000000e-001  3.9683480e-001  1.9539500e-001 -6.8285240e+001  9.2634890e+000
  2.0000000e-001  3.9683480e-001  2.0421360e-001 -6.5057910e+001  9.0658480e+000
  2.0000000e-001  3.9683480e-001  2.1303220e-001 -5.8661080e+001  8.6590520e+000
  2.0000000e-001  3.9683480e-001  2.2185070e-001 -4.6127040e+001  7.7916890e+000
  2.0000000e-001  3.9683480e-001  2.3066930e-001 -2.6698980e+001  6.1671050e+000
  2.0000000e-001  3.9683480e-001  2.3948780e-001  1.4242670e+001  4.7739460e+000
  2.0000000e-001  3.9683480e-001  2.4830640e-001  1.0253090e+002  1.1125760e+001
  2.0000000e-001  3.9683480e-001  2.5712490e-001  9.1870170e+002  3.1310090e+001
  2.0000000e-001  3.9683480e-001  2.6594340e-001  3.5569060e+003  6.0639800e+001
  2.0000000e-001  3.9683480e-001  2.7476190e-001  5.0396680e+003  7.1990620e+001
  2.0000000e-001  3.9683480e-001  2.8358040e-001  4.7901640e+003  7.0211010e+001
  2.0000000e-001  3.9683480e-001  2.9239880e-001  4.3665110e+003  6.7079580e+001
  2.0000000e-001  3.9683480e-001  3.0121730e-001  3.9588940e+003  6.3919740e+001
  2.0000000e-001  3.9683480e-001  3.1003570e-001  3.5675280e+003  6.0728780e+001
  2.0000000e-001  3.9683480e-001  3.1885420e-001  3.2274110e+003  5.7810310e+001
  2.0000000e-001  3.9683480e-001  3.2767260e-001  2.9219910e+003  5.5055450e+001
  2.0000000e-001  3.9683480e-001  3.3649100e-001  2.6362900e+003  5.2344810e+001
  2.0000000e-001  3.9683480e-001  3.4530930e-001  2.4600900e+003  5.0599300e+001
  2.0000000e-001  3.9683480e-001  3.5412770e-001  2.2711400e+003  4.8656480e+001
  2.0000000e-001  3.9683480e-001  3.6294610e-001  2.0800590e+003  4.6607670e+001
  2.0000000e-001  3.9683480e-001  3.7176440e-001  1.9421390e+003  4.5069700e+001
  2.0000000e-001  3.9683480e-001  3.8058270e-001  1.8224360e+003  4.3690000e+001
  2.0000000e-001  3.9683480e-001  3.8940100e-001  1.6879450e+003  4.2084610e+001
  2.0000000e-001  3.9683480e-001  3.9821930e-001  1.5805270e+003  4.0755850e+001
  2.0000000e-001  3.9683480e-001  4.0703750e-001  1.4935860e+003  3.9646940e+001
  2.0000000e-001  3.9683480e-001  4.1585580e-001  1.4179330e+003  3.8655450e+001
  2.0000000e-001  3.9683480e-001  4.2467400e-001  1.3482880e+003  3.7719040e+001
  2.0000000e-001  3.9683480e-001  4.3349220e-001  1.2734290e+003  3.6685140e+001
  2.0000000e-001  3.9683480e-001  4.4231040e-001  1.1998120e+003  3.5638300e+001
  2.0000000e-001  3.9683480e-001  4.5112850e-001  1.1404130e+003  3.4770000e+001
  2.0000000e-001  3.9683480e-001  4.5994670e-001  1.1201430e+003  3.4468540e+001
  2.0000000e-001  3.9683480e-001  4.6876480e-001  1.0675860e+003  3.3673930e+001
  2.0000000e-001  3.9683480e-001  4.7758290e-001  1.0211470e+003  3.2955390e+001
  2.0000000e-001  3.9683480e-001  4.8640090e-001  9.8435130e+002  3.2374370e+001
  2.0000000e-001  3.9683480e-001  4.9521900e-001  9.4211410e+002  3.1693880e+001
  2.0000000e-001  3.9683480e-001  5.0403700e-001  9.2426030e+002  3.1401650e+001
  2.0000000e-001  3.9683480e-001  5.1285500e-001  8.8779500e+002  3.0795890e+001
  2.0000000e-001  3.9683480e-001  5.2167300e-001  8.4389980e+002  3.0049950e+001
  2.0000000e-001  3.9683480e-001  5.3049090e-001  8.2822520e+002  2.9778900e+001
  2.0000000e-001  3.9683480e-001  5.3930880e-001  8.1310740e+002  2.9515040e+001
  2.0000000e-001  3.9683480e-001  5.4812680e-001  7.8880960e+002  2.9085750e+001
  2.0000000e-001  3.9683480e-001  5.5694460e-001  7.6900480e+002  2.8730940e+001
  2.0000000e-001  3.9683480e-001  5.6576250e-001  7.4620250e+002  2.8316710e+001
  2.0000000e-001  3.9683480e-001  5.7458030e-001  7.2309560e+002  2.7890440e+001
  2.0000000e-001  3.9683480e-001  5.8339800e-001  7.0824680e+002  2.7612910e+001
  2.0000000e-001  3.9683480e-001  5.9221580e-001  7.0298780e+002  2.7513920e+001
  2.0000000e-001  3.9683480e-001  6.0103360e-001  6.9006620e+002  2.7269110e+001
  2.0000000e-001  3.9683480e-001  6.0986010e-001  6.8164500e+002  2.7108330e+001
  2.0000000e-001  3.9683480e-001  6.1867780e-001  6.6878830e+002  2.6860940e+001
  2.0000000e-001  3.9683480e-001  6.2749540e-001  6.4610260e+002  2.6418550e+001
  2.0000000e-001  3.9683480e-001  6.3631300e-001  6.4631050e+002  2.6422640e+001
  2.0000000e-001  3.9683480e-001  6.4513060e-001  6.4316580e+002  2.6360710e+001
  2.0000000e-001  3.9683480e-001  6.5394820e-001  6.3506040e+002  2.6200410e+001
  2.0000000e-001  3.9683480e-001  6.6276570e-001  6.2497870e+002  2.5999570e+001
  2.0000000e-001  3.9683480e-001  6.7158320e-001  6.2832430e+002  2.6066400e+001
  2.0000000e-001  3.9683480e-001  6.8040070e-001  6.1545140e+002  2.5808290e+001
  2.0000000e-001  3.9683480e-001  6.8921810e-001  6.2734940e+002  2.6046940e+001
  2.0000000e-001  3.9683480e-001  6.9803550e-001  6.2921010e+002  2.6084060e+001
  2.0000000e-001  3.9683480e-001  7.0685290e-001  6.1227300e+002  2.5744150e+001
  2.0000000e-001  3.9683480e-001  7.1567020e-001  6.1691130e+002  2.5837700e+001
  2.0000000e-001  3.9683480e-001  7.2448750e-001  5.9534930e+002  2.5399780e+001
  2.0000000e-001  3.9683480e-001  7.3330480e-001  6.0969730e+002  2.5692050e+001
  2.0000000e-001  3.9683480e-001  7.4212200e-001  6.0156270e+002  2.5526780e+001
  2.0000000e-001  3.9683480e-001  7.5093920e-001  6.0274640e+002  2.5550890e+001
  2.0000000e-001  3.9683480e-001  7.5975640e-001  6.1332650e+002  2.5765430e+001
  2.0000000e-001  3.9683480e-001  7.6857350e-001  6.1324460e+002  2.5763770e+001
  2.0000000e-001  3.9683480e-001  7.7739060e-001  6.1780440e+002  2.5855670e+001
  2.0000000e-001  3.9683480e-001  7.8620760e-001  6.2139950e+002  2.5927890e+001
  2.0000000e-001  3.9683480e-001  7.9502460e-001  6.2226210e+002  2.5945180e+001
  2.0000000e-001  3.9683480e-001  8.0384160e-001  6.2231180e+002  2.5946180e+001
  2.0000000e-001  3.9683480e-001  8.1265850e-001  6.2434230e+002  2.5986840e+001
  2.0000000e-001  3.9683480e-001  8.2147540e-001  6.2159560e+002  2.5931820e+001
  2.0000000e-001  3.9683480e-001  8.3029230e-001  6.2749140e+002  2.6049780e+001
  2.0000000e-001  3.9683480e-001  8.3910910e-001  6.3918260e+002  2.6282060e+001
  2.0000000e-001  3.9683480e-001  8.4792590e-001  6.4882850e+002  2.6472110e+001
  2.0000000e-001  3.9683480e-001  8.5674270e-001  6.4825210e+002  2.6460790e+001
  2.0000000e-001  3.9683480e-001  8.6555930e-001  6.3946440e+002  2.6287630e+001
  2.0000000e-001  3.9683480e-001  8.7437600e-001  6.3990000e+002  2.6296240e+001
  2.0000000e-001  3.9683480e-001  8.8319270e-001  6.5300670e+002  2.6554000e+001
  2.0000000e-001  3.9683480e-001  8.9200920e-001  6.5695060e+002  2.6631050e+001
  2.0000000e-001  3.9683480e-001  9.0082570e-001  6.6803690e+002  2.6846410e+001
  2.0000000e-001  3.9683480e-001  9.0964220e-001  6.7698120e+002  2.7018860e+001
  2.0000000e-001  3.9683480e-001  9.1845870e-001  6.8228920e+002  2.7120670e+001
  2.0000000e-001  3.9683480e-001  9.2727510e-001  6.9431840e+002  2.7349920e+001
  2.0000000e-001  3.9683480e-001  9.3609140e-001  6.9900950e+002  2.7438790e+001
  2.0000000e-001  3.9683480e-001  9.4490780e-001  6.9992180e+002  2.7456040e+001
  2.0000000e-001  3.9683480e-001  9.5372400e-001  7.1770540e+002  2.7790030e+001
  2.0000000e-001  3.9683480e-001  9.6254030e-001  7.1753830e+002  2.7786910e+001
  2.0000000e-001  3.9683480e-001  9.7135650e-001  7.2966240e+002  2.8012260e+001
  2.0000000e-001  3.9683480e-001  9.8017260e-001  7.3500480e+002  2.8110970e+001
  2.0000000e-001  3.9683480e-001  9.8898860e-001  7.3774420e+002  2.8161450e+001
  2.0000000e-001  3.9683480e-001  9.9780470e-001  7.4457060e+002  2.8286820e+001
  2.0000000e-001  3.9683480e-001  1.0066210e+000  7.3418130e+002  2.8095780e+001
  2.0000000e-001  3.9683480e-001  1.0154370e+000  7.5875670e+002  2.8545540e+001
  2.0000000e-001  3.9683480e-001  1.0242530e+000  7.5490570e+002  2.8475550e+001
  2.0000000e-001  3.9683480e-001  1.0330680e+000  7.8026840e+002  2.8933290e+001
  2.0000000e-001  3.9683480e-001  1.0418840e+000  7.7921560e+002  2.8914430e+001
  2.0000000e-001  3.9683480e-001  1.0507000e+000  7.9813990e+002  2.9251370e+001
  2.0000000e-001  3.9683480e-001  1.0595160e+000  8.1606540e+002  2.9566860e+001
  2.0000000e-001  3.9683480e-001  1.0683310e+000  8.2482380e+002  2.9719750e+001
  2.0000000e-001  3.9683480e-001  1.0771470e+000  8.2252480e+002  2.9679690e+001
  2.0000000e-001  3.9683480e-001  1.0859620e+000  8.2587290e+002  2.9738000e+001
  2.0000000e-001  3.9683480e-001  1.0947780e+000  8.4712740e+002  3.0105450e+001
  2.0000000e-001  3.9683480e-001  1.1035930e+000  8.4508940e+002  3.0070420e+001
  2.0000000e-001  3.9683480e-001  1.1124090e+000  8.6223190e+002  3.0363780e+001
  2.0000000e-001  3.9683480e-001  1.1212240e+000  8.6868860e+002  3.0473520e+001
  2.0000000e-001  3.9683480e-001  1.1300390e+000  8.6311540e+002  3.0378820e+001
  2.0000000e-001  3.9683480e-001  1.1388550e+000  8.8386610e+002  3.0729890e+001
  2.0000000e-001  3.9683480e-001  1.1476700e+000  9.0030850e+002  3.1005140e+001
  2.0000000e-001  3.9683480e-001  1.1564850e+000  9.0222920e+002  3.1037130e+001
  2.0000000e-001  3.9683480e-001  1.1653000e+000  9.2584690e+002  3.1427730e+001
  2.0000000e-001  3.9683480e-001  1.1741150e+000  9.4527710e+002  3.1745360e+001
  2.0000000e-001  3.9683480e-001  1.1829300e+000  9.5942830e+002  3.1974640e+001
  2.0000000e-001  3.9683480e-001  1.1917450e+000  9.6875620e+002  3.2124850e+001
  2.0000000e-001  3.9683480e-001  1.2005600e+000  9.8443790e+002  3.2375750e+001
  2.0000000e-001  3.9683480e-001  1.2093750e+000  9.9471790e+002  3.2539150e+001
  2.0000000e-001  3.9683480e-001  1.2181890e+000  9.9647450e+002  3.2566990e+001
  2.0000000e-001  3.9683480e-001  1.2270040e+000  1.0033360e+003  3.2675470e+001
  2.0000000e-001  3.9683480e-001  1.2358190e+000  1.0098810e+003  3.2778620e+001
  2.0000000e-001  3.9683480e-001  1.2446330e+000  1.0146760e+003  3.2853970e+001
  2.0000000e-001  3.9683480e-001  1.2534480e+000  1.0190580e+003  3.2922680e+001
  2.0000000e-001  3.9683480e-001  1.2622620e+000  1.0363080e+003  3.3191740e+001
  2.0000000e-001  3.9683480e-001  1.2710760e+000  1.0445300e+003  3.3319190e+001
  2.0000000e-001  3.9683480e-001  1.2798910e+000  1.0571240e+003  3.3513440e+001
  2.0000000e-001  3.9683480e-001  1.2887050e+000  1.0716020e+003  3.3735340e+001
  2.0000000e-001  3.9683480e-001  1.2975190e+000  1.0976900e+003  3.4131410e+001
  2.0000000e-001  3.9683480e-001  1.3063330e+000  1.1145400e+003  3.4384730e+001
  2.0000000e-001  3.9683480e-001  1.3151480e+000  1.1337100e+003  3.4670620e+001
  2.0000000e-001  3.9683480e-001  1.3239610e+000  1.1340240e+003  3.4675270e+001
  2.0000000e-001  3.9683480e-001  1.3327750e+000  1.1431100e+003  3.4809910e+001
  2.0000000e-001  3.9683480e-001  1.3415890e+000  1.1436730e+003  3.4818240e+001
  2.0000000e-001  3.9683480e-001  1.3504030e+000  1.1575820e+003  3.5023250e+001
  2.0000000e-001  3.9683480e-001  1.3592170e+000  1.1820940e+003  3.5381590e+001
  2.0000000e-001  3.9683480e-001  1.3680310e+000  1.1759120e+003  3.5291570e+001
  2.0000000e-001  3.9683480e-001  1.3768440e+000  1.1973150e+003  3.5602240e+001
  2.0000000e-001  3.9683480e-001  1.3856580e+000  1.2244900e+003  3.5992720e+001
  2.0000000e-001  3.9683480e-001  1.3944710e+000  1.2353340e+003  3.6147320e+001
  2.0000000e-001  3.9683480e-001  1.4032850e+000  1.2364590e+003  3.6163320e+001
  2.0000000e-001  3.9683480e-001  1.4120980e+000  1.2396780e+003  3.6209060e+001
  2.0000000e-001  3.9683480e-001  1.4209110e+000  1.2587300e+003  3.6478590e+001
  2.0000000e-001  3.9683480e-001  1.4297250e+000  1.2597010e+003  3.6492260e+001
  2.0000000e-001  3.9683480e-001  1.4385380e+000  1.2783540e+003  3.6754080e+001
  2.0000000e-001  3.9683480e-001  1.4473510e+000  1.2980560e+003  3.7028550e+001
  2.0000000e-001  3.9683480e-001  1.4561640e+000  1.2961560e+003  3.7002170e+001
  2.0000000e-001  3.9683480e-001  1.4649770e+000  1.3210280e+003  3.7345950e+001
  2.0000000e-001  3.9683480e-001  1.4737900e+000  1.3347730e+003  3.7534550e+001
  2.0000000e-001  3.9683480e-001  1.4826030e+000  1.3231340e+003  3.7374910e+001
  2.0000000e-001  3.9683480e-001  1.4914150e+000  1.3505970e+003  3.7750470e+001
  2.0000000e-001  3.9683480e-001  1.5002280e+000  1.3525020e+003  3.7776370e+001
  2.0000000e-001  3.9683480e-001  1.5090410e+000  1.3655190e+003  3.7952930e+001
  2.0000000e-001  3.9683480e-001  1.5178530e+000  1.3679500e+003  3.7985810e+001
  2.0000000e-001  3.9683480e-001  1.5266660e+000  1.3898150e+003  3.8280220e+001
  2.0000000e-001  3.9683480e-001  1.5354780e+000  1.3910820e+003  3.8297220e+001
  2.0000000e-001  3.9683480e-001  1.5442900e+000  1.3851540e+003  3.8217660e+001
  2.0000000e-001  3.9683480e-001  1.5531030e+000  1.4044500e+003  3.8475990e+001
  2.0000000e-001  3.9683480e-001  1.5619150e+000  1.4338070e+003  3.8865640e+001
  2.0000000e-001  3.9683480e-001  1.5707270e+000  1.4252740e+003  3.8752810e+001
  2.0000000e-001  3.9683480e-001  1.5795390e+000  1.4266860e+003  3.8771500e+001
  2.0000000e-001  3.9683480e-001  1.5883510e+000  1.4446130e+003  3.9008060e+001
  2.0000000e-001  3.9683480e-001  1.5971630e+000  1.4526940e+003  3.9114220e+001
  2.0000000e-001  3.9683480e-001  1.6059750e+000  1.4506830e+003  3.9087840e+001
  2.0000000e-001  3.9683480e-001  1.6147860e+000  1.4580680e+003  3.9184650e+001
  2.0000000e-001  3.9683480e-001  1.6235980e+000  1.4677640e+003  3.9311410e+001
  2.0000000e-001  3.9683480e-001  1.6324100e+000  1.4707160e+003  3.9349920e+001
  2.0000000e-001  3.9683480e-001  1.6412210e+000  1.4903900e+003  3.9605570e+001
  2.0000000e-001  3.9683480e-001  1.6500330e+000  1.5079500e+003  3.9832330e+001
  2.0000000e-001  3.9683480e-001  1.6588440e+000  1.5049640e+003  3.9793870e+001
  2.0000000e-001  3.9683480e-001  1.6676550e+000  1.5009340e+003  3.9741890e+001
  2.0000000e-001  3.9683480e-001  1.6764660e+000  1.4984150e+003  3.9709370e+001
  2.0000000e-001  3.9683480e-001  1.6852770e+000  1.5095720e+003  3.9853210e+001
  2.0000000e-001  3.9683480e-001  1.6940880e+000  1.5075650e+003  3.9827380e+001
  2.0000000e-001  3.9683480e-001  1.7028990e+000  1.5142320e+003  3.9913130e+001
  2.0000000e-001  3.9683480e-001  1.7117100e+000  1.5358280e+003  4.0189650e+001
  2.0000000e-001  3.9683480e-001  1.7205210e+000  1.5432610e+003  4.0284360e+001
  2.0000000e-001  3.9683480e-001  1.7293320e+000  1.5340570e+003  4.0167050e+001
  2.0000000e-001  3.9683480e-001  1.7381420e+000  1.5329900e+003  4.0153410e+001
  2.0000000e-001  3.9683480e-001  1.7469530e+000  1.5517580e+003  4.0392360e+001
  2.0000000e-001  3.9683480e-001  1.7557630e+000  1.5613030e+003  4.0513330e+001
  2.0000000e-001  3.9683480e-001  1.7645740e+000  1.5462630e+003  4.0322540e+001
  2.0000000e-001  3.9683480e-001  1.7733840e+000  1.5356240e+003  4.0187030e+001
  2.0000000e-001  3.9683480e-001  1.7821940e+000  1.5391810e+003  4.0232390e+001
  2.0000000e-001  3.9683480e-001  1.7910040e+000  1.5408590e+003  4.0253780e+001
  2.0000000e-001  3.9683480e-001  1.7998140e+000  1.5433580e+003  4.0285600e+001
  2.0000000e-001  3.9683480e-001  1.8086240e+000  1.5378980e+003  4.0216050e+001
  2.0000000e-001  3.9683480e-001  1.8174340e+000  1.5394720e+003  4.0236110e+001
  2.0000000e-001  3.9683480e-001  1.8262440e+000  1.5539880e+003  4.0420660e+001
  2.0000000e-001  3.9683480e-001  1.8350540e+000  1.5584300e+003  4.0476960e+001
  2.0000000e-001  3.9683480e-001  1.8438630e+000  1.5506370e+003  4.0378120e+001
  2.0000000e-001  3.9683480e-001  1.8526730e+000  1.5419370e+003  4.0267500e+001
  2.0000000e-001  3.9683480e-001  1.8614820e+000  1.5381600e+003  4.0219390e+001
  2.0000000e-001  3.9683480e-001  1.8702920e+000  1.5480410e+003  4.0345150e+001
  2.0000000e-001  3.9683480e-001  1.8791010e+000  1.5273170e+003  4.0080900e+001
  2.0000000e-001  3.9683480e-001  1.8879100e+000  1.5249650e+003  4.0050800e+001
  2.0000000e-001  3.9683480e-001  1.8967190e+000  1.5092280e+003  3.9848780e+001
  2.0000000e-001  3.9683480e-001  1.9055280e+000  1.5132460e+003  3.9900460e+001
  2.0000000e-001  3.9683480e-001  1.9143370e+000  1.5239020e+003  4.0037190e+001
  2.0000000e-001  3.9683480e-001  1.9231460e+000  1.5125110e+003  3.9891010e+001
  2.0000000e-001  3.9683480e-001  1.9319550e+000  1.5124070e+003  3.9889680e+001
  2.0000000e-001  3.9683480e-001  1.9407630e+000  1.4955340e+003  3.9672130e+001
  2.0000000e-001  3.9683480e-001  1.9495720e+000  1.5055600e+003  3.9801550e+001
  2.0000000e-001  3.9683480e-001  1.9583800e+000  1.4953600e+003  3.9669880e+001
  2.0000000e-001  3.9683480e-001  1.9671880e+000  1.5007300e+003  3.9739250e+001
  2.0000000e-001  3.9683480e-001  1.9759970e+000  1.4971980e+003  3.9693640e+001
  2.0000000e-001  3.9683480e-001  1.9848050e+000  1.4747610e+003  3.9402620e+001
  2.0000000e-001  3.9683480e-001  1.9936130e+000  1.4740450e+003  3.9393300e+001
  2.0000000e-001  3.9683480e-001  2.0024210e+000  1.4871520e+003  3.9563610e+001
  2.0000000e-001  3.9683480e-001  2.0112290e+000  1.4534200e+003  3.9123740e+001
  2.0000000e-001  3.9683480e-001  2.0200360e+000  1.4301300e+003  3.8817050e+001
  2.0000000e-001  3.9683480e-001  2.0288440e+000  1.4510610e+003  3.9092790e+001
  2.0000000e-001  3.9683480e-001  2.0376520e+000  1.4382240e+003  3.8923920e+001
  2.0000000e-001  3.9683480e-001  2.0464590e+000  1.4033630e+003  3.8461480e+001
  2.0000000e-001  3.9683480e-001  2.0552670e+000  1.4054500e+003  3.8489330e+001
  2.0000000e-001  3.9683480e-001  2.0640830e+000  1.4279050e+003  3.8787640e+001
  2.0000000e-001  3.9683480e-001  2.0728900e+000  1.4108690e+003  3.8561530e+001
  2.0000000e-001  3.9683480e-001  2.0816970e+000  1.3867970e+003  3.8239730e+001
  2.0000000e-001  3.9683480e-001  2.0905040e+000  1.3807820e+003  3.8158880e+001
  2.0000000e-001  3.9683480e-001  2.0993110e+000  1.3775390e+003  3.8115210e+001
  2.0000000e-001  3.9683480e-001  2.1081180e+000  1.3589790e+003  3.7864330e+001
  2.0000000e-001  3.9683480e-001  2.1169250e+000  1.3806600e+003  3.8157240e+001
  2.0000000e-001  3.9683480e-001  2.1257310e+000  1.3497390e+003  3.7738800e+001
  2.0000000e-001  3.9683480e-001  2.1345380e+000  1.3265060e+003  3.7421230e+001
  2.0000000e-001  3.9683480e-001  2.1433440e+000  1.3281180e+003  3.7443350e+001
  2.0000000e-001  3.9683480e-001  2.1521500e+000  1.3197900e+003  3.7328920e+001
  2.0000000e-001  3.9683480e-001  2.1609570e+000  1.2755210e+003  3.6714440e+001
  2.0000000e-001  3.9683480e-001  2.1697630e+000  1.3063500e+003  3.7143460e+001
  2.0000000e-001  3.9683480e-001  2.1785690e+000  1.2798710e+003  3.6775280e+001
  2.0000000e-001  3.9683480e-001  2.1873750e+000  1.2767060e+003  3.6731020e+001
  2.0000000e-001  3.9683480e-001  2.1961800e+000  1.2607630e+003  3.6507230e+001
  2.0000000e-001  3.9683480e-001  2.2049860e+000  1.2486370e+003  3.6336060e+001
  2.0000000e-001  3.9683480e-001  2.2137920e+000  1.2354670e+003  3.6149200e+001
  2.0000000e-001  3.9683480e-001  2.2225970e+000  1.2411390e+003  3.6229800e+001
  2.0000000e-001  3.9683480e-001  2.2314020e+000  1.2125350e+003  3.5821470e+001
  2.0000000e-001  3.9683480e-001  2.2402080e+000  1.1942250e+003  3.5557560e+001
  2.0000000e-001  3.9683480e-001  2.2490130e+000  1.1881020e+003  3.5468850e+001
  2.0000000e-001  3.9683480e-001  2.2578180e+000  1.1742280e+003  3.5267010e+001
  2.0000000e-001  3.9683480e-001  2.2666230e+000  1.1678190e+003  3.5173360e+001
  2.0000000e-001  3.9683480e-001  2.2754280e+000  1.1524160e+003  3.4947250e+001
  2.0000000e-001  3.9683480e-001  2.2842330e+000  1.1510190e+003  3.4926670e+001
  2.0000000e-001  3.9683480e-001  2.2930370e+000  1.1297050e+003  3.4611080e+001
  2.0000000e-001  3.9683480e-001  2.3018420e+000  1.1216040e+003  3.4490360e+001
  2.0000000e-001  3.9683480e-001  2.3106460e+000  1.1038940e+003  3.4224900e+001
  2.0000000e-001  3.9683480e-001  2.3194500e+000  1.0898210e+003  3.4012440e+001
  2.0000000e-001  3.9683480e-001  2.3282550e+000  1.0892090e+003  3.4003170e+001
  2.0000000e-001  3.9683480e-001  2.3370590e+000  1.0881070e+003  3.3986470e+001
  2.0000000e-001  3.9683480e-001  2.3458630e+000  1.0689660e+003  3.3695050e+001
  2.0000000e-001  3.9683480e-001  2.3546660e+000  1.0531830e+003  3.3452780e+001
  2.0000000e-001  3.9683480e-001  2.3634700e+000  1.0416060e+003  3.3273930e+001
  2.0000000e-001  3.9683480e-001  2.3722740e+000  1.0228990e+003  3.2982790e+001
  2.0000000e-001  3.9683480e-001  2.3810780e+000  1.0136370e+003  3.2837670e+001
  2.0000000e-001  3.9683480e-001  2.3898810e+000  9.9550350e+002  3.2551600e+001
  2.0000000e-001  3.9683480e-001  2.3986840e+000  9.8210140e+002  3.2338500e+001
  2.0000000e-001  3.9683480e-001  2.4074870e+000  9.7587800e+002  3.2239040e+001
  2.0000000e-001  3.9683480e-001  2.4162900e+000  9.7322340e+002  3.2196530e+001
  2.0000000e-001  3.9683480e-001  2.4250930e+000  9.6480800e+002  3.2061360e+001
  2.0000000e-001  3.9683480e-001  2.4338960e+000  9.5601570e+002  3.1919500e+001
  2.0000000e-001  3.9683480e-001  2.4426990e+000  9.4589130e+002  3.1755350e+001
  2.0000000e-001  3.9683480e-001  2.4515020e+000  9.3211580e+002  3.1530570e+001
  2.0000000e-001  3.9683480e-001  2.4603040e+000  9.2119360e+002  3.1351170e+001
  2.0000000e-001  3.9683480e-001  2.4691060e+000  9.1625980e+002  3.1269780e+001
  2.0000000e-001  3.9683480e-001  2.4779090e+000  9.0312890e+002  3.1052100e+001
  2.0000000e-001  3.9683480e-001  2.4867110e+000  8.8352890e+002  3.0724210e+001
  2.0000000e-001  3.9683480e-001  2.4955130e+000  8.6602900e+002  3.0428370e+001
  2.0000000e-001  3.9683480e-001  2.5043150e+000  8.6244570e+002  3.0367430e+001
  2.0000000e-001  3.9683480e-001  2.5131170e+000  8.5707570e+002  3.0275860e+001
  2.0000000e-001  3.9683480e-001  2.5219180e+000  8.3333970e+002  2.9867620e+001
  2.0000000e-001  3.9683480e-001  2.5307200e+000  8.2702720e+002  2.9758080e+001
  2.0000000e-001  3.9683480e-001  2.5395210e+000  8.2747380e+002  2.9765840e+001
  2.0000000e-001  3.9683480e-001  2.5483230e+000  8.1082700e+002  2.9475020e+001
  2.0000000e-001  3.9683480e-001  2.5571240e+000  7.9606870e+002  2.9214690e+001
  2.0000000e-001  3.9683480e-001  2.5659250e+000  7.9687070e+002  2.9228900e+001
  2.0000000e-001  3.9683480e-001  2.5747260e+000  7.9129780e+002  2.9130020e+001
  2.0000000e-001  3.9683480e-001  2.5835270e+000  7.7308280e+002  2.8804370e+001
  2.0000000e-001  3.9683480e-001  2.5923270e+000  7.6952340e+002  2.8740280e+001
  2.0000000e-001  3.9683480e-001  2.6011280e+000  7.6087550e+002  2.8583970e+001
  2.0000000e-001  3.9683480e-001  2.6099280e+000  7.5370330e+002  2.8453660e+001
  2.0000000e-001  3.9683480e-001  2.6187290e+000  7.3763920e+002  2.8159510e+001
  2.0000000e-001  3.9683480e-001  2.6275290e+000  7.2611960e+002  2.7946610e+001
  2.0000000e-001  3.9683480e-001  2.6363290e+000  7.2533790e+002  2.7932100e+001
  2.0000000e-001  3.9683480e-001  2.6451290e+000  7.1014580e+002  2.7648560e+001
  2.0000000e-001  3.9683480e-001  2.6539290e+000  6.9837670e+002  2.7426820e+001
  2.0000000e-001  3.9683480e-001  2.6627290e+000  6.8710480e+002  2.7212680e+001
  2.0000000e-001  3.9683480e-001  2.6715280e+000  6.7984040e+002  2.7073750e+001
  2.0000000e-001  3.9683480e-001  2.6803280e+000  6.7859830e+002  2.7049920e+001
  2.0000000e-001  3.9683480e-001  2.6891270e+000  6.7069440e+002  2.6897770e+001
  2.0000000e-001  3.9683480e-001  2.6979260e+000  6.6517740e+002  2.6791030e+001
  2.0000000e-001  3.9683480e-001  2.7067250e+000  6.5937180e+002  2.6678240e+001
  2.0000000e-001  3.9683480e-001  2.7155240e+000  6.5336190e+002  2.6560950e+001
  2.0000000e-001  3.9683480e-001  2.7243230e+000  6.4105630e+002  2.6319090e+001
  2.0000000e-001  3.9683480e-001  2.7331220e+000  6.3095640e+002  2.6118840e+001
  2.0000000e-001  3.9683480e-001  2.7419200e+000  6.2726730e+002  2.6045310e+001
  2.0000000e-001  3.9683480e-001  2.7507190e+000  6.1833050e+002  2.5866250e+001
  2.0000000e-001  3.9683480e-001  2.7595170e+000  6.0145160e+002  2.5524510e+001
  2.0000000e-001  3.9683480e-001  2.7683150e+000  5.9838230e+002  2.5461850e+001
  2.0000000e-001  3.9683480e-001  2.7771130e+000  5.9858320e+002  2.5465960e+001
  2.0000000e-001  3.9683480e-001  2.7859110e+000  5.9776800e+002  2.5449300e+001
  2.0000000e-001  3.9683480e-001  2.7947090e+000  5.8686850e+002  2.5225370e+001
  2.0000000e-001  3.9683480e-001  2.8035070e+000  5.8268020e+002  2.5138770e+001
  2.0000000e-001  3.9683480e-001  2.8123040e+000  5.8071980e+002  2.5098130e+001
  2.0000000e-001  3.9683480e-001  2.8211020e+000  5.7508880e+002  2.4981010e+001
  2.0000000e-001  3.9683480e-001  2.8298990e+000  5.6319510e+002  2.4731730e+001
  2.0000000e-001  3.9683480e-001  2.8386960e+000  5.4188260e+002  2.4278370e+001
  2.0000000e-001  3.9683480e-001  2.8474930e+000  5.3526210e+002  2.4135730e+001
  2.0000000e-001  3.9683480e-001  2.8562900e+000  5.4489490e+002  2.4342980e+001
  2.0000000e-001  3.9683480e-001  2.8650870e+000  5.3134480e+002  2.4050920e+001
  2.0000000e-001  3.9683480e-001  2.8738830e+000  5.2615970e+002  2.3938170e+001
  2.0000000e-001  3.9683480e-001  2.8826800e+000  5.2748850e+002  2.3967120e+001
  2.0000000e-001  3.9683480e-001  2.8914760e+000  5.1003690e+002  2.3584000e+001
  2.0000000e-001  3.9683480e-001  2.9002720e+000  5.1017960e+002  2.3587160e+001
  2.0000000e-001  3.9683480e-001  2.9090680e+000  5.0294200e+002  2.3426370e+001
  2.0000000e-001  3.9683480e-001  2.9178640e+000  5.0181410e+002  2.3401210e+001
  2.0000000e-001  3.9683480e-001  2.9266600e+000  4.9007680e+002  2.3137680e+001
  2.0000000e-001  3.9683480e-001  2.9354560e+000  4.8695560e+002  2.3067070e+001
  2.0000000e-001  3.9683480e-001  2.9442510e+000  4.7880290e+002  2.2881570e+001
  2.0000000e-001  3.9683480e-001  2.9530470e+000  4.9459730e+002  2.3239540e+001
  2.0000000e-001  3.9683480e-001  2.9618420e+000  4.7248360e+002  2.2736690e+001
  2.0000000e-001  3.9683480e-001  2.9706370e+000  4.7366200e+002  2.2763780e+001
  2.0000000e-001  3.9683480e-001  2.9794320e+000  4.6431730e+002  2.2548020e+001
  2.0000000e-001  3.9683480e-001  2.9882260e+000  4.5561690e+002  2.2345180e+001
  2.0000000e-001  3.9683480e-001  2.9970210e+000  4.4913990e+002  2.2192920e+001
  2.0000000e-001  3.9683480e-001  3.0058160e+000  4.5183020e+002  2.2256300e+001
  2.0000000e-001  3.9683480e-001  3.0146100e+000  4.3541550e+002  2.1866610e+001
  2.0000000e-001  3.9683480e-001  3.0234040e+000  4.4192460e+002  2.2022000e+001
  2.0000000e-001  3.9683480e-001  3.0321980e+000  4.3114660e+002  2.1764070e+001
  2.0000000e-001  3.9683480e-001  3.0409920e+000  4.2744340e+002  2.1674700e+001
  2.0000000e-001  3.9683480e-001  3.0497860e+000  4.1729180e+002  2.1427720e+001
  2.0000000e-001  3.9683480e-001  3.0585800e+000  4.0753090e+002  2.1187390e+001
  2.0000000e-001  3.9683480e-001  3.0673730e+000  4.0438780e+002  2.1109400e+001
  2.0000000e-001  3.9683480e-001  3.0761670e+000  4.1329680e+002  2.1329700e+001
  2.0000000e-001  3.9683480e-001  3.0849600e+000  4.2070280e+002  2.1511040e+001
  2.0000000e-001  3.9683480e-001  3.0937530e+000  4.1372830e+002  2.1340310e+001
  2.0000000e-001  3.9683480e-001  3.1025460e+000  4.0572490e+002  2.1142610e+001
  2.0000000e-001  3.9683480e-001  3.1113390e+000  4.0495860e+002  2.1123580e+001
  2.0000000e-001  3.9683480e-001  3.1201310e+000  3.9820430e+002  2.0955060e+001
  2.0000000e-001  3.9683480e-001  3.1289240e+000  3.9821340e+002  2.0955290e+001
  2.0000000e-001  3.9683480e-001  3.1377160e+000  3.9841080e+002  2.0960230e+001
  2.0000000e-001  3.9683480e-001  3.1465080e+000  3.8835310e+002  2.0706680e+001
  2.0000000e-001  3.9683480e-001  3.1553000e+000  3.7589250e+002  2.0387950e+001
  2.0000000e-001  3.9683480e-001  3.1640920e+000  3.7401220e+002  2.0339400e+001
  2.0000000e-001  3.9683480e-001  3.1728840e+000  3.6879700e+002  2.0204090e+001
  2.0000000e-001  3.9683480e-001  3.1816760e+000  3.6624620e+002  2.0137560e+001
  2.0000000e-001  3.9683480e-001  3.1904670e+000  3.6896730e+002  2.0208520e+001
  2.0000000e-001  3.9683480e-001  3.1992580e+000  3.6158670e+002  2.0015430e+001
  2.0000000e-001  3.9683480e-001  3.2080500e+000  3.6276240e+002  2.0046320e+001
  2.0000000e-001  3.9683480e-001  3.2168410e+000  3.6226310e+002  2.0033210e+001
  2.0000000e-001  3.9683480e-001  3.2256310e+000  3.4902580e+002  1.9682230e+001
  2.0000000e-001  3.9683480e-001  3.2344220e+000  3.4291110e+002  1.9517860e+001
  2.0000000e-001  3.9683480e-001  3.2432130e+000  3.3243160e+002  1.9232710e+001
  2.0000000e-001  3.9683480e-001  3.2520030e+000  3.3382070e+002  1.9270760e+001
  2.0000000e-001  3.9683480e-001  3.2607930e+000  3.3352090e+002  1.9262550e+001
  2.0000000e-001  3.9683480e-001  3.2695830e+000  3.3174920e+002  1.9213990e+001
  2.0000000e-001  3.9683480e-001  3.2783730e+000  3.3056300e+002  1.9181390e+001
  2.0000000e-001  3.9683480e-001  3.2871630e+000  3.2431340e+002  1.9008700e+001
  2.0000000e-001  3.9683480e-001  3.2959530e+000  3.2027340e+002  1.8896180e+001
  2.0000000e-001  3.9683480e-001  3.3047420e+000  3.1834420e+002  1.8842200e+001
  2.0000000e-001  3.9683480e-001  3.3135310e+000  3.1822850e+002  1.8838960e+001
  2.0000000e-001  3.9683480e-001  3.3223210e+000  3.1721690e+002  1.8810590e+001
  2.0000000e-001  3.9683480e-001  3.3311100e+000  3.1485120e+002  1.8744050e+001
  2.0000000e-001  3.9683480e-001  3.3398980e+000  3.1631520e+002  1.8785250e+001
  2.0000000e-001  3.9683480e-001  3.3486870e+000  3.1584650e+002  1.8772070e+001
  2.0000000e-001  3.9683480e-001  3.3574760e+000  3.0924070e+002  1.8585240e+001
  2.0000000e-001  3.9683480e-001  3.3662640e+000  3.1025780e+002  1.8614140e+001
  2.0000000e-001  3.9683480e-001  3.3750520e+000  3.0118310e+002  1.8354630e+001
  2.0000000e-001  3.9683480e-001  3.3838400e+000  2.9211060e+002  1.8091240e+001
  2.0000000e-001  3.9683480e-001  3.3926280e+000  2.9287020e+002  1.8113450e+001
  2.0000000e-001  3.9683480e-001  3.4014160e+000  2.8999330e+002  1.8029190e+001
  2.0000000e-001  3.9683480e-001  3.4102030e+000  2.9271580e+002  1.8108940e+001
  2.0000000e-001  3.9683480e-001  3.4189910e+000  2.9120300e+002  1.8064670e+001
  2.0000000e-001  3.9683480e-001  3.4277780e+000  2.9059220e+002  1.8046760e+001
  2.0000000e-001  3.9683480e-001  3.4365650e+000  2.9446090e+002  1.8159860e+001
  2.0000000e-001  3.9683480e-001  3.4453520e+000  2.8137450e+002  1.7774220e+001
  2.0000000e-001  3.9683480e-001  3.4541390e+000  2.7760820e+002  1.7661580e+001
  2.0000000e-001  3.9683480e-001  3.4629250e+000  2.7416670e+002  1.7557980e+001
  2.0000000e-001  3.9683480e-001  3.4717120e+000  2.7538910e+002  1.7594850e+001
  2.0000000e-001  3.9683480e-001  3.4804980e+000  2.7671480e+002  1.7634750e+001
  2.0000000e-001  3.9683480e-001  3.4892840e+000  2.6724730e+002  1.7347700e+001
  2.0000000e-001  3.9683480e-001  3.4980700e+000  2.6494240e+002  1.7277050e+001
  2.0000000e-001  3.9683480e-001  3.5068650e+000  2.7066810e+002  1.7451990e+001
  2.0000000e-001  3.9683480e-001  3.5156510e+000  2.7384510e+002  1.7548270e+001
  2.0000000e-001  3.9683480e-001  3.5244360e+000  2.7321110e+002  1.7529100e+001
  2.0000000e-001  3.9683480e-001  3.5332210e+000  2.6782210e+002  1.7365270e+001
  2.0000000e-001  3.9683480e-001  3.5420060e+000  2.6215390e+002  1.7191170e+001
  2.0000000e-001  3.9683480e-001  3.5507910e+000  2.5842340e+002  1.7075550e+001
  2.0000000e-001  3.9683480e-001  3.5595760e+000  2.5720510e+002  1.7037610e+001
  2.0000000e-001  3.9683480e-001  3.5683610e+000  2.6144740e+002  1.7169330e+001
  2.0000000e-001  3.9683480e-001  3.5771450e+000  2.5133070e+002  1.6853410e+001
  2.0000000e-001  3.9683480e-001  3.5859290e+000  2.5378800e+002  1.6930730e+001
  2.0000000e-001  3.9683480e-001  3.5947130e+000  2.5000830e+002  1.6811650e+001
  2.0000000e-001  3.9683480e-001  3.6034980e+000  2.4557510e+002  1.6670840e+001
  2.0000000e-001  3.9683480e-001  3.6122810e+000  2.4437550e+002  1.6632510e+001
  2.0000000e-001  3.9683480e-001  3.6210650e+000  2.3643780e+002  1.6376530e+001
  2.0000000e-001  3.9683480e-001  3.6298480e+000  2.4070780e+002  1.6514760e+001
  2.0000000e-001  3.9683480e-001  3.6386310e+000  2.4091790e+002  1.6521530e+001
  2.0000000e-001  3.9683480e-001  3.6474140e+000  2.4353120e+002  1.6605480e+001
  2.0000000e-001  3.9683480e-001  3.6561980e+000  2.3770340e+002  1.6417630e+001
  2.0000000e-001  3.9683480e-001  3.6649800e+000  2.2969000e+002  1.6155530e+001
  2.0000000e-001  3.9683480e-001  3.6737630e+000  2.3682660e+002  1.6389170e+001
  2.0000000e-001  3.9683480e-001  3.6825450e+000  2.2800640e+002  1.6099880e+001
  2.0000000e-001  3.9683480e-001  3.6913270e+000  2.2587110e+002  1.6029010e+001
  2.0000000e-001  3.9683480e-001  3.7001090e+000  2.2338470e+002  1.5946060e+001
  2.0000000e-001  3.9683480e-001  3.7088910e+000  2.2525920e+002  1.6008640e+001
  2.0000000e-001  3.9683480e-001  3.7176730e+000  2.3402640e+002  1.6297920e+001
  2.0000000e-001  3.9683480e-001  3.7264540e+000  2.3102220e+002  1.6199410e+001
  2.0000000e-001  3.9683480e-001  3.7352360e+000  2.3029750e+002  1.6175560e+001
  2.0000000e-001  3.9683480e-001  3.7440170e+000  2.2761810e+002  1.6087020e+001
  2.0000000e-001  3.9683480e-001  3.7527980e+000  2.2717270e+002  1.6072250e+001
  2.0000000e-001  3.9683480e-001  3.7615790e+000  2.2637640e+002  1.6045810e+001
  2.0000000e-001  3.9683480e-001  3.7703600e+000  2.1778060e+002  1.5757390e+001
  2.0000000e-001  3.9683480e-001  3.7791400e+000  2.1891240e+002  1.5795690e+001
  2.0000000e-001  3.9683480e-001  3.7879200e+000  2.2295160e+002  1.5931560e+001
  2.0000000e-001  3.9683480e-001  3.7967000e+000  2.2233560e+002  1.5910920e+001
  2.0000000e-001  3.9683480e-001  3.8054800e+000  2.2354820e+002  1.5951530e+001
  2.0000000e-001  3.9683480e-001  3.8142600e+000  2.1905420e+002  1.5800480e+001
  2.0000000e-001  3.9683480e-001  3.8230400e+000  2.1498230e+002  1.5662270e+001
  2.0000000e-001  3.9683480e-001  3.8318190e+000  2.0811020e+002  1.5426020e+001
  2.0000000e-001  3.9683480e-001  3.8405980e+000  2.0271360e+002  1.5237750e+001
  2.0000000e-001  3.9683480e-001  3.8493770e+000  2.0957980e+002  1.5476870e+001
  2.0000000e-001  3.9683480e-001  3.8581560e+000  2.0522290e+002  1.5325600e+001
  2.0000000e-001  3.9683480e-001  3.8669350e+000  2.0129550e+002  1.5187860e+001
  2.0000000e-001  3.9683480e-001  3.8757130e+000  2.0461120e+002  1.5304240e+001
  2.0000000e-001  3.9683480e-001  3.8844920e+000  1.9829840e+002  1.5081850e+001
  2.0000000e-001  3.9683480e-001  3.8932700e+000  1.9855890e+002  1.5091090e+001
  2.0000000e-001  3.9683480e-001  3.9020480e+000  1.9769070e+002  1.5060250e+001
  2.0000000e-001  3.9683480e-001  3.9108250e+000  1.9310140e+002  1.4896090e+001
  2.0000000e-001  3.9683480e-001  3.9196030e+000  1.9063130e+002  1.4806930e+001
  2.0000000e-001  3.9683480e-001  3.9283800e+000  1.8924290e+002  1.4756560e+001
  2.0000000e-001  3.9683480e-001  3.9371580e+000  1.8664700e+002  1.4661880e+001
  2.0000000e-001  3.9683480e-001  3.9459350e+000  1.4389110e+002  1.2995460e+001
  2.0000000e-001  3.9683480e-001  3.9547120e+000 -2.2577890e+001  5.7516190e+000
  2.0000000e-001  3.9683480e-001  3.9634880e+000 -1.0216810e+002  1.1107820e+001
  2.0000000e-001  3.9683480e-001  3.9722650e+000 -1.0300000e+002  1.1148890e+001
  2.0000000e-001  3.9683480e-001  3.9810410e+000 -1.0300000e+002  1.1148890e+001
  2.0000000e-001  3.9683480e-001  3.9898170e+000 -1.0300000e+002  1.1148890e+001
