0	0.3968348	-5.01247	-103	11.14889
0	0.3968348	-5.003718	-103	11.14889
0	0.3968348	-4.994967	-103	11.14889
0	0.3968348	-4.986215	-103	11.14889
0	0.3968348	-4.977462	-103	11.14889
0	0.3968348	-4.96871	-103	11.14889
0	0.3968348	-4.959957	-77.70399	9.814987
0	0.3968348	-4.951204	-11.45723	4.384852
0	0.3968348	-4.942451	25.81011	6.080366
0	0.3968348	-4.933698	25.40679	6.040515
0	0.3968348	-4.924944	22.4563	5.738807
0	0.3968348	-4.916191	18.78148	5.333761
0	0.3968348	-4.907436	22.84523	5.779668
0	0.3968348	-4.898682	21.23278	5.607904
0	0.3968348	-4.889928	25.32121	6.032018
0	0.3968348	-4.881173	26.23061	6.121583
0	0.3968348	-4.872418	22.63719	5.757855
0	0.3968348	-4.863663	24.11522	5.910725
0	0.3968348	-4.854908	25.27761	6.027685
0	0.3968348	-4.846152	26.16142	6.114823
0	0.3968348	-4.837396	31.85099	6.643668
0	0.3968348	-4.82864	30.30029	6.50457
0	0.3968348	-4.819883	27.97596	6.28923
0	0.3968348	-4.811127	33.53939	6.79132
0	0.3968348	-4.80237	34.24007	6.851501
0	0.3968348	-4.793613	34.39281	6.864539
0	0.3968348	-4.784856	36.33006	7.027442
0	0.3968348	-4.776099	36.88129	7.072997
0	0.3968348	-4.767341	35.6741	6.97278
0	0.3968348	-4.758583	36.00703	7.000586
0	0.3968348	-4.749825	36.03298	7.002748
0	0.3968348	-4.741066	34.24961	6.852316
0	0.3968348	-4.732308	38.71309	7.221984
0	0.3968348	-4.723549	35.45123	6.954093
0	0.3968348	-4.71479	38.26309	7.185717
0	0.3968348	-4.706031	36.4739	7.039362
0	0.3968348	-4.697271	39.89312	7.3161
0	0.3968348	-4.688512	33.85968	6.818907
0	0.3968348	-4.679752	32.38905	6.691138
0	0.3968348	-4.670992	31.61249	6.622499
0	0.3968348	-4.662231	30.77515	6.547536
0	0.3968348	-4.653471	33.74931	6.809416
0	0.3968348	-4.64471	40.61635	7.373096
0	0.3968348	-4.635949	36.51825	7.043034
0	0.3968348	-4.627188	35.82851	6.985692
0	0.3968348	-4.618427	39.24985	7.26497
0	0.3968348	-4.609665	38.08802	7.171549
0	0.3968348	-4.600903	40.73156	7.382128
0	0.3968348	-4.592141	40.00393	7.324866
0	0.3968348	-4.583379	38.92659	7.239118
0	0.3968348	-4.574616	39.41582	7.278203
0	0.3968348	-4.565854	38.25953	7.185428
0	0.3968348	-4.557091	33.86151	6.819064
0	0.3968348	-4.548327	39.47538	7.282944
0	0.3968348	-4.539564	41.59968	7.449781
0	0.3968348	-4.530801	39.87554	7.314708
0	0.3968348	-4.522037	41.74841	7.461301
0	0.3968348	-4.513273	40.39984	7.356087
0	0.3968348	-4.504509	43.15183	7.569005
0	0.3968348	-4.495744	45.43742	7.740728
0	0.3968348	-4.48698	42.80035	7.542198
0	0.3968348	-4.478215	42.8653	7.54716
0	0.3968348	-4.46945	44.94284	7.703942
0	0.3968348	-4.460685	47.72982	7.908677
0	0.3968348	-4.451919	48.32427	7.951566
0	0.3968348	-4.443153	48.00614	7.928646
0	0.3968348	-4.434388	53.03744	8.282681
0	0.3968348	-4.425622	51.9669	8.208807
0	0.3968348	-4.416855	48.84329	7.988798
0	0.3968348	-4.408089	49.94521	8.067193
0	0.3968348	-4.399322	49.74931	8.053319
0	0.3968348	-4.390555	53.98074	8.347158
0	0.3968348	-4.381788	54.79996	8.402699
0	0.3968348	-4.373021	54.99009	8.41553
0	0.3968348	-4.364254	55.32807	8.438284
0	0.3968348	-4.355485	54.74203	8.398786
0	0.3968348	-4.346718	54.69799	8.395809
0	0.3968348	-4.337949	55.34916	8.439701
0	0.3968348	-4.329181	54.88379	8.40836
0	0.3968348	-4.320413	55.14333	8.425856
0	0.3968348	-4.311644	57.38421	8.575236
0	0.3968348	-4.302875	59.65777	8.723844
0	0.3968348	-4.294106	60.53864	8.780658
0	0.3968348	-4.285336	60.27906	8.763959
0	0.3968348	-4.276567	60.71117	8.791738
0	0.3968348	-4.267797	60.94958	8.807021
0	0.3968348	-4.259027	63.08155	8.942389
0	0.3968348	-4.250257	64.02671	9.001669
0	0.3968348	-4.241487	62.53438	8.907868
0	0.3968348	-4.232716	62.86232	8.928576
0	0.3968348	-4.223945	65.99049	9.123453
0	0.3968348	-4.215174	64.89771	9.055911
0	0.3968348	-4.206403	67.26262	9.201379
0	0.3968348	-4.197632	69.21994	9.319852
0	0.3968348	-4.18886	66.53226	9.156732
0	0.3968348	-4.180089	62.33133	8.89502
0	0.3968348	-4.171317	62.5434	8.908439
0	0.3968348	-4.162545	66.2379	9.138667
0	0.3968348	-4.153772	67.39773	9.209612
0	0.3968348	-4.145	66.66373	9.164785
0	0.3968348	-4.136227	66.17296	9.134676
0	0.3968348	-4.127454	66.13169	9.132139
0	0.3968348	-4.118681	66.22025	9.137583
0	0.3968348	-4.109908	70.6475	9.405207
0	0.3968348	-4.101134	71.70567	9.467919
0	0.3968348	-4.09236	70.8961	9.419982
0	0.3968348	-4.083587	71.16613	9.436002
0	0.3968348	-4.074812	70.21629	9.379517
0	0.3968348	-4.066038	73.50298	9.573388
0	0.3968348	-4.057264	73.5526	9.576282
0	0.3968348	-4.048489	73.4454	9.570029
0	0.3968348	-4.039714	72.37788	9.507519
0	0.3968348	-4.03094	72.35701	9.506292
0	0.3968348	-4.022164	75.56985	9.693092
0	0.3968348	-4.013389	75.35287	9.680603
0	0.3968348	-4.004613	80.53189	9.973956
0	0.3968348	-3.995837	76.01649	9.718744
0	0.3968348	-3.987062	79.30896	9.905558
0	0.3968348	-3.978285	75.29016	9.676991
0	0.3968348	-3.969509	80.87666	9.993145
0	0.3968348	-3.960732	74.72904	9.644596
0	0.3968348	-3.951956	82.31879	10.07297
0	0.3968348	-3.943179	82.61354	10.0892
0	0.3968348	-3.934402	80.43267	9.968427
0	0.3968348	-3.925624	82.14203	10.06322
0	0.3968348	-3.916847	80.63409	9.979649
0	0.3968348	-3.908069	87.23643	10.34004
0	0.3968348	-3.899292	88.64827	10.41532
0	0.3968348	-3.890513	92.79475	10.633
0	0.3968348	-3.881735	89.97976	10.48577
0	0.3968348	-3.872957	91.89877	10.58638
0	0.3968348	-3.864178	88.08342	10.38528
0	0.3968348	-3.8554	84.9074	10.21452
0	0.3968348	-3.846621	88.57494	10.41143
0	0.3968348	-3.837842	88.30614	10.39713
0	0.3968348	-3.829062	91.88026	10.58542
0	0.3968348	-3.820283	91.59357	10.57045
0	0.3968348	-3.811503	94.19246	10.70528
0	0.3968348	-3.802723	94.85356	10.73928
0	0.3968348	-3.793943	93.3167	10.66006
0	0.3968348	-3.785163	94.42969	10.71749
0	0.3968348	-3.776383	94.16506	10.70387
0	0.3968348	-3.767602	97.9743	10.8982
0	0.3968348	-3.758822	104.1539	11.20558
0	0.3968348	-3.750041	99.39821	10.96986
0	0.3968348	-3.74126	97.73854	10.88628
0	0.3968348	-3.732479	100.119	11.00595
0	0.3968348	-3.723688	98.12138	10.90562
0	0.3968348	-3.714907	94.99621	10.7466
0	0.3968348	-3.706125	93.86691	10.68849
0	0.3968348	-3.697343	101.5192	11.07567
0	0.3968348	-3.688561	101.2259	11.06111
0	0.3968348	-3.679779	98.75359	10.93748
0	0.3968348	-3.670996	100.5652	11.02822
0	0.3968348	-3.662214	100.0842	11.00421
0	0.3968348	-3.653431	112.2707	11.59579
0	0.3968348	-3.644648	109.8787	11.4823
0	0.3968348	-3.635865	103.697	11.18317
0	0.3968348	-3.627081	103.2415	11.16078
0	0.3968348	-3.618298	107.0124	11.34468
0	0.3968348	-3.609514	108.0292	11.39371
0	0.3968348	-3.60073	108.8827	11.43468
0	0.3968348	-3.591946	111.9946	11.58275
0	0.3968348	-3.583162	109.8049	11.47879
0	0.3968348	-3.574378	111.4309	11.55608
0	0.3968348	-3.565593	109.5318	11.46574
0	0.3968348	-3.556809	112.8841	11.62469
0	0.3968348	-3.548024	114.7377	11.71157
0	0.3968348	-3.539239	112.6832	11.61524
0	0.3968348	-3.530454	115.3053	11.73803
0	0.3968348	-3.521668	115.5447	11.74917
0	0.3968348	-3.512883	117.3354	11.83215
0	0.3968348	-3.504097	117.3012	11.83057
0	0.3968348	-3.495311	117.4183	11.83597
0	0.3968348	-3.486526	116.0223	11.77137
0	0.3968348	-3.477739	115.978	11.76931
0	0.3968348	-3.468953	119.6192	11.93706
0	0.3968348	-3.460166	122.874	12.08485
0	0.3968348	-3.45138	123.4681	12.11162
0	0.3968348	-3.442593	123.9873	12.13496
0	0.3968348	-3.433806	127.9096	12.30971
0	0.3968348	-3.425019	130.0139	12.40236
0	0.3968348	-3.416232	131.101	12.44994
0	0.3968348	-3.407444	125.9118	12.22104
0	0.3968348	-3.398657	128.2731	12.32577
0	0.3968348	-3.389869	130.0803	12.40527
0	0.3968348	-3.381081	130.5259	12.42479
0	0.3968348	-3.372293	131.9938	12.48886
0	0.3968348	-3.363504	133.8814	12.57071
0	0.3968348	-3.354716	134.7341	12.6075
0	0.3968348	-3.345927	135.7805	12.65249
0	0.3968348	-3.337139	133.8976	12.57141
0	0.3968348	-3.32835	138.5604	12.77117
0	0.3968348	-3.319561	135.0439	12.62084
0	0.3968348	-3.310772	137.7279	12.73575
0	0.3968348	-3.301982	137.2146	12.71386
0	0.3968348	-3.293193	151.5691	13.31134
0	0.3968348	-3.284403	152.3176	13.3417
0	0.3968348	-3.275613	145.7212	13.07151
0	0.3968348	-3.266823	146.1143	13.08777
0	0.3968348	-3.258033	145.8898	13.07849
0	0.3968348	-3.249243	145.563	13.06495
0	0.3968348	-3.240453	147.7675	13.15597
0	0.3968348	-3.231662	151.6432	13.31435
0	0.3968348	-3.222871	151.5552	13.31077
0	0.3968348	-3.21408	153.0784	13.37249
0	0.3968348	-3.205289	155.3914	13.46561
0	0.3968348	-3.196498	150.5208	13.26869
0	0.3968348	-3.187707	152.1063	13.33314
0	0.3968348	-3.178915	158.5997	13.59364
0	0.3968348	-3.170124	156.2791	13.50116
0	0.3968348	-3.161332	155.903	13.48611
0	0.3968348	-3.15254	158.2021	13.57784
0	0.3968348	-3.143748	166.2038	13.892
0	0.3968348	-3.134955	171.9429	14.1127
0	0.3968348	-3.126163	171.9908	14.11453
0	0.3968348	-3.11737	167.0407	13.92442
0	0.3968348	-3.108578	162.1982	13.73571
0	0.3968348	-3.099785	164.9157	13.84195
0	0.3968348	-3.090992	164.4674	13.82448
0	0.3968348	-3.082199	171.6273	14.10066
0	0.3968348	-3.073406	177.7703	14.33305
0	0.3968348	-3.064612	171.1014	14.08057
0	0.3968348	-3.055819	168.5379	13.98221
0	0.3968348	-3.047025	163.829	13.79957
0	0.3968348	-3.038231	169.2723	14.01047
0	0.3968348	-3.029437	176.9544	14.30242
0	0.3968348	-3.020643	179.0256	14.38004
0	0.3968348	-3.011849	179.4029	14.39414
0	0.3968348	-3.003054	181.2477	14.46283
0	0.3968348	-2.99426	173.9216	14.18794
0	0.3968348	-2.985465	176.2222	14.27487
0	0.3968348	-2.97667	184.6798	14.58969
0	0.3968348	-2.967875	181.1229	14.45819
0	0.3968348	-2.95908	182.2664	14.50061
0	0.3968348	-2.950285	190.3187	14.7956
0	0.3968348	-2.941489	188.8282	14.74148
0	0.3968348	-2.932694	184.1722	14.57101
0	0.3968348	-2.923898	192.5606	14.87662
0	0.3968348	-2.915102	196.7487	15.02672
0	0.3968348	-2.906306	191.2572	14.82958
0	0.3968348	-2.89751	190.3674	14.79737
0	0.3968348	-2.888714	196.8253	15.02944
0	0.3968348	-2.879918	198.9601	15.10532
0	0.3968348	-2.871121	195.0474	14.96594
0	0.3968348	-2.862324	197.1781	15.04201
0	0.3968348	-2.853528	193.2271	14.90061
0	0.3968348	-2.844731	197.3027	15.04645
0	0.3968348	-2.835934	197.842	15.06563
0	0.3968348	-2.827137	207.0025	15.38758
0	0.3968348	-2.818339	212.7459	15.58581
0	0.3968348	-2.809542	204.2655	15.29215
0	0.3968348	-2.800744	201.9664	15.21149
0	0.3968348	-2.791947	211.7321	15.55102
0	0.3968348	-2.783149	203.8376	15.27717
0	0.3968348	-2.774351	213.9714	15.62776
0	0.3968348	-2.765553	211.8164	15.55391
0	0.3968348	-2.756755	209.7138	15.4815
0	0.3968348	-2.747956	217.5002	15.74789
0	0.3968348	-2.739158	232.3957	16.24453
0	0.3968348	-2.730359	226.9196	16.06385
0	0.3968348	-2.72156	229.0315	16.13379
0	0.3968348	-2.712761	226.3533	16.04504
0	0.3968348	-2.703963	228.4405	16.11425
0	0.3968348	-2.695163	234.0306	16.29806
0	0.3968348	-2.686364	230.13	16.17004
0	0.3968348	-2.677565	229.2045	16.1395
0	0.3968348	-2.668765	236.5967	16.3817
0	0.3968348	-2.659966	242.1209	16.56024
0	0.3968348	-2.651166	249.3825	16.79185
0	0.3968348	-2.642366	247.5367	16.7333
0	0.3968348	-2.633566	246.5213	16.701
0	0.3968348	-2.624766	253.5108	16.92202
0	0.3968348	-2.615965	254.3244	16.94755
0	0.3968348	-2.607165	250.4616	16.82598
0	0.3968348	-2.598365	251.8988	16.87132
0	0.3968348	-2.589564	255.8067	16.99396
0	0.3968348	-2.580763	261.2166	17.1622
0	0.3968348	-2.571962	266.1377	17.31373
0	0.3968348	-2.563161	268.5581	17.38774
0	0.3968348	-2.55436	265.9415	17.30771
0	0.3968348	-2.545559	272.2317	17.49944
0	0.3968348	-2.536758	274.68	17.57347
0	0.3968348	-2.527956	282.112	17.79619
0	0.3968348	-2.519155	276.7219	17.63496
0	0.3968348	-2.510353	280.8626	17.75896
0	0.3968348	-2.501551	299.0862	18.29411
0	0.3968348	-2.492749	291.525	18.0741
0	0.3968348	-2.483947	296.1754	18.20975
0	0.3968348	-2.475145	304.1493	18.43988
0	0.3968348	-2.466342	307.1286	18.52509
0	0.3968348	-2.45754	314.012	18.72038
0	0.3968348	-2.448738	313.9959	18.71993
0	0.3968348	-2.439935	316.6833	18.7956
0	0.3968348	-2.431132	320.4742	18.90179
0	0.3968348	-2.422329	326.14	19.05935
0	0.3968348	-2.413526	333.4806	19.26145
0	0.3968348	-2.404723	335.9955	19.33018
0	0.3968348	-2.39592	343.545	19.53497
0	0.3968348	-2.387117	352.5352	19.77592
0	0.3968348	-2.378313	353.7805	19.80905
0	0.3968348	-2.369509	353.6676	19.80605
0	0.3968348	-2.360706	352.6229	19.77826
0	0.3968348	-2.351902	359.9884	19.97336
0	0.3968348	-2.343098	374.7502	20.35847
0	0.3968348	-2.334294	375.4741	20.37715
0	0.3968348	-2.32549	377.944	20.44078
0	0.3968348	-2.316686	380.8031	20.51418
0	0.3968348	-2.307882	402.6578	21.06633
0	0.3968348	-2.299077	387.0915	20.67464
0	0.3968348	-2.290272	399.2203	20.9805
0	0.3968348	-2.281459	408.0384	21.19996
0	0.3968348	-2.272654	416.0676	21.39773
0	0.3968348	-2.263849	416.9821	21.42014
0	0.3968348	-2.255044	420.0736	21.4957
0	0.3968348	-2.246239	424.1552	21.59503
0	0.3968348	-2.237434	433.1707	21.81275
0	0.3968348	-2.228629	442.2449	22.02962
0	0.3968348	-2.219823	442.1124	22.02647
0	0.3968348	-2.211018	464.7284	22.55756
0	0.3968348	-2.202212	475.8777	22.81462
0	0.3968348	-2.193407	472.7465	22.74273
0	0.3968348	-2.184601	473.2575	22.75448
0	0.3968348	-2.175795	481.5884	22.94512
0	0.3968348	-2.166989	494.8554	23.24535
0	0.3968348	-2.158183	506.2368	23.49971
0	0.3968348	-2.149376	507.5066	23.52791
0	0.3968348	-2.14057	512.5256	23.63903
0	0.3968348	-2.131764	520.8582	23.82232
0	0.3968348	-2.122957	528.9597	23.99912
0	0.3968348	-2.114151	545.3376	24.35246
0	0.3968348	-2.105344	541.7126	24.27472
0	0.3968348	-2.096537	561.5246	24.69651
0	0.3968348	-2.08773	587.1229	25.23062
0	0.3968348	-2.078923	578.2444	25.04671
0	0.3968348	-2.070116	579.9412	25.08197
0	0.3968348	-2.061308	613.7191	25.77335
0	0.3968348	-2.052501	611.778	25.73415
0	0.3968348	-2.043694	606.2037	25.6212
0	0.3968348	-2.034886	629.4814	26.08947
0	0.3968348	-2.026079	650.4066	26.50307
0	0.3968348	-2.017271	653.7551	26.56864
0	0.3968348	-2.008463	664.3687	26.77535
0	0.3968348	-1.999655	680.5957	27.08823
0	0.3968348	-1.990847	692.0121	27.30612
0	0.3968348	-1.982039	709.2242	27.63126
0	0.3968348	-1.973231	729.659	28.0122
0	0.3968348	-1.964423	741.1444	28.22397
0	0.3968348	-1.955614	750.3286	28.39213
0	0.3968348	-1.946806	758.8682	28.54756
0	0.3968348	-1.937997	766.983	28.69446
0	0.3968348	-1.929188	777.2026	28.87836
0	0.3968348	-1.92038	797.0334	29.23178
0	0.3968348	-1.911571	807.2802	29.41268
0	0.3968348	-1.902762	832.5706	29.8543
0	0.3968348	-1.893953	852.2059	30.19257
0	0.3968348	-1.885144	863.2898	30.38179
0	0.3968348	-1.876335	866.5961	30.43801
0	0.3968348	-1.867525	901.7491	31.02914
0	0.3968348	-1.858716	926.0181	31.43055
0	0.3968348	-1.849907	945.7906	31.75371
0	0.3968348	-1.841097	962.5003	32.02419
0	0.3968348	-1.832287	984.0781	32.37002
0	0.3968348	-1.823478	997.9813	32.59084
0	0.3968348	-1.814668	1005.912	32.71612
0	0.3968348	-1.805858	1015.802	32.87165
0	0.3968348	-1.797048	1045.631	33.33622
0	0.3968348	-1.788238	1080.707	33.87411
0	0.3968348	-1.779428	1099.171	34.15375
0	0.3968348	-1.770618	1122.146	34.49844
0	0.3968348	-1.761807	1144.367	34.8285
0	0.3968348	-1.752997	1171.983	35.23424
0	0.3968348	-1.744186	1196.9	35.59624
0	0.3968348	-1.735376	1213.176	35.83067
0	0.3968348	-1.726565	1244.244	36.27385
0	0.3968348	-1.717754	1279.168	36.76546
0	0.3968348	-1.708944	1291.961	36.94386
0	0.3968348	-1.700133	1330.412	37.47481
0	0.3968348	-1.691322	1349.51	37.73568
0	0.3968348	-1.682511	1378.409	38.12693
0	0.3968348	-1.6737	1433.069	38.8559
0	0.3968348	-1.664888	1449.05	39.06639
0	0.3968348	-1.656077	1451.688	39.10102
0	0.3968348	-1.647266	1490.972	39.6131
0	0.3968348	-1.638454	1508.727	39.84233
0	0.3968348	-1.629643	1524.022	40.03873
0	0.3968348	-1.620831	1594.858	40.93568
0	0.3968348	-1.61202	1625.319	41.31524
0	0.3968348	-1.603208	1661.3	41.75905
0	0.3968348	-1.594396	1702.998	42.2674
0	0.3968348	-1.585584	1722.944	42.50837
0	0.3968348	-1.576772	1746.021	42.78542
0	0.3968348	-1.56796	1780.317	43.1938
0	0.3968348	-1.559148	1818.619	43.64526
0	0.3968348	-1.550336	1856.949	44.09233
0	0.3968348	-1.541523	1899.783	44.5865
0	0.3968348	-1.532711	1932.536	44.96062
0	0.3968348	-1.523899	1958.415	45.25398
0	0.3968348	-1.515086	2010.073	45.83383
0	0.3968348	-1.506274	2043.843	46.20888
0	0.3968348	-1.497461	2056.625	46.35003
0	0.3968348	-1.488648	2112.666	46.96375
0	0.3968348	-1.479836	2137.214	47.23001
0	0.3968348	-1.471023	2167.858	47.56026
0	0.3968348	-1.46221	2206.292	47.97118
0	0.3968348	-1.453397	2256.707	48.50481
0	0.3968348	-1.444584	2254.328	48.47976
0	0.3968348	-1.435771	2335.901	49.33116
0	0.3968348	-1.426957	2384.863	49.83506
0	0.3968348	-1.418144	2392.624	49.91446
0	0.3968348	-1.409331	2420.383	50.19739
0	0.3968348	-1.400517	2474.387	50.74321
0	0.3968348	-1.391704	2492.978	50.92973
0	0.3968348	-1.38289	2528.5	51.2842
0	0.3968348	-1.374077	2557.742	51.57412
0	0.3968348	-1.365263	2592.228	51.91393
0	0.3968348	-1.356449	2623.658	52.22165
0	0.3968348	-1.347636	2650.827	52.48618
0	0.3968348	-1.338822	2678.661	52.75578
0	0.3968348	-1.330008	2710.63	53.06371
0	0.3968348	-1.321194	2748.918	53.43012
0	0.3968348	-1.31238	2770.951	53.63983
0	0.3968348	-1.303566	2813.792	54.04519
0	0.3968348	-1.294752	2789.47	53.81543
0	0.3968348	-1.285937	2868.479	54.55818
0	0.3968348	-1.277123	2878.847	54.65489
0	0.3968348	-1.268309	2897.954	54.83265
0	0.3968348	-1.259494	2926.162	55.09401
0	0.3968348	-1.25068	2975.515	55.54828
0	0.3968348	-1.241865	3004.347	55.81192
0	0.3968348	-1.233051	3021.136	55.96487
0	0.3968348	-1.224236	3026.268	56.01153
0	0.3968348	-1.215421	3054.424	56.26685
0	0.3968348	-1.206607	3073.033	56.43494
0	0.3968348	-1.197792	3096.199	56.6435
0	0.3968348	-1.188977	3104.284	56.7161
0	0.3968348	-1.180162	3125.706	56.90802
0	0.3968348	-1.171347	3144.841	57.07888
0	0.3968348	-1.162532	3176.354	57.35915
0	0.3968348	-1.153717	3182.176	57.41078
0	0.3968348	-1.144902	3184.21	57.42881
0	0.3968348	-1.136087	3194.149	57.51681
0	0.3968348	-1.127271	3195.587	57.52952
0	0.3968348	-1.118456	3189.75	57.47787
0	0.3968348	-1.109641	3229.176	57.82584
0	0.3968348	-1.100825	3237.736	57.90111
0	0.3968348	-1.09201	3236.774	57.89265
0	0.3968348	-1.083194	3223.63	57.77702
0	0.3968348	-1.074379	3233.244	57.86162
0	0.3968348	-1.065563	3234.154	57.86962
0	0.3968348	-1.056748	3210.133	57.65803
0	0.3968348	-1.047932	3209.644	57.65372
0	0.3968348	-1.039116	3212.666	57.68038
0	0.3968348	-1.0303	3230.66	57.83889
0	0.3968348	-1.021484	3208.318	57.64201
0	0.3968348	-1.012668	3196.935	57.54145
0	0.3968348	-1.003852	3210.93	57.66507
0	0.3968348	-0.9950365	3171.68	57.31767
0	0.3968348	-0.9862204	3173.837	57.33682
0	0.3968348	-0.9774043	3146.854	57.09683
0	0.3968348	-0.9685882	3134.458	56.98623
0	0.3968348	-0.959772	3129.545	56.94233
0	0.3968348	-0.9509557	3136.53	57.00473
0	0.3968348	-0.9421394	3106.142	56.73278
0	0.3968348	-0.9333231	3105.504	56.72705
0	0.3968348	-0.9245067	3087.583	56.56603
0	0.3968348	-0.9156903	3063.433	56.34829
0	0.3968348	-0.9068739	3039.749	56.13391
0	0.3968348	-0.8980573	3016.393	55.9217
0	0.3968348	-0.8892408	2995.714	55.73312
0	0.3968348	-0.8804242	2962.029	55.42453
0	0.3968348	-0.8716076	2932.541	55.15294
0	0.3968348	-0.8627909	2914.671	54.98769
0	0.3968348	-0.8539742	2881.406	54.67873
0	0.3968348	-0.8451574	2840.847	54.29959
0	0.3968348	-0.8363318	2819.329	54.09735
0	0.3968348	-0.827515	2802.921	53.94262
0	0.3968348	-0.8186981	2772.159	53.6513
0	0.3968348	-0.8098812	2728.151	53.2317
0	0.3968348	-0.8010643	2719.458	53.14842
0	0.3968348	-0.7922473	2702.003	52.98079
0	0.3968348	-0.7834303	2656.47	52.54096
0	0.3968348	-0.7746132	2636.667	52.34848
0	0.3968348	-0.7657961	2594.996	51.9411
0	0.3968348	-0.756979	2568.232	51.67773
0	0.3968348	-0.7481618	2552.825	51.52549
0	0.3968348	-0.7393446	2502.217	51.02216
0	0.3968348	-0.7305273	2474.846	50.74783
0	0.3968348	-0.7217101	2449.877	50.49623
0	0.3968348	-0.7128928	2420.708	50.20069
0	0.3968348	-0.7040754	2398.781	49.97735
0	0.3968348	-0.695258	2375.452	49.73861
0	0.3968348	-0.6864406	2353.048	49.50822
0	0.3968348	-0.6776232	2322.335	49.19062
0	0.3968348	-0.6688057	2298.569	48.94339
0	0.3968348	-0.6599882	2256.223	48.49972
0	0.3968348	-0.6511707	2236.82	48.29504
0	0.3968348	-0.6423531	2194.594	47.8465
0	0.3968348	-0.6335355	2176.052	47.64818
0	0.3968348	-0.6247179	2162.744	47.50531
0	0.3968348	-0.6159002	2137.623	47.23444
0	0.3968348	-0.6070825	2085.404	46.66623
0	0.3968348	-0.5982648	2067.239	46.4669
0	0.3968348	-0.5894471	2045.837	46.23093
0	0.3968348	-0.5806293	2044.26	46.21349
0	0.3968348	-0.5718115	2048.58	46.26124
0	0.3968348	-0.5629936	2012.288	45.85853
0	0.3968348	-0.5541758	1973.523	45.42435
0	0.3968348	-0.5453579	1984.815	45.55127
0	0.3968348	-0.53654	1967.9	45.36102
0	0.3968348	-0.5277221	1973.065	45.4192
0	0.3968348	-0.5189041	1958.227	45.25186
0	0.3968348	-0.5100861	1957.296	45.24134
0	0.3968348	-0.5012681	1950.179	45.16083
0	0.3968348	-0.4924501	1964.539	45.32312
0	0.3968348	-0.4836321	1998.294	45.70228
0	0.3968348	-0.474814	2036.996	46.1331
0	0.3968348	-0.4659959	2079.589	46.60251
0	0.3968348	-0.4571778	2118.45	47.02662
0	0.3968348	-0.4483596	2158.837	47.46329
0	0.3968348	-0.4395415	2218.067	48.09636
0	0.3968348	-0.4307233	2296.999	48.92701
0	0.3968348	-0.4219051	2392.118	49.90928
0	0.3968348	-0.4130869	2497.837	50.97836
0	0.3968348	-0.4042686	2602.49	52.01461
0	0.3968348	-0.3954504	2797.135	53.88794
0	0.3968348	-0.3866321	2958.297	55.39023
0	0.3968348	-0.3778138	3154.9	57.1685
0	0.3968348	-0.3689954	3365.46	59.01258
0	0.3968348	-0.3601771	3674.342	61.61635
0	0.3968348	-0.3513587	4011.87	64.33932
0	0.3968348	-0.3425404	4424.705	67.51846
0	0.3968348	-0.333722	4927.788	71.1982
0	0.3968348	-0.3249036	5499.753	75.16032
0	0.3968348	-0.3160852	6176.426	79.59024
0	0.3968348	-0.3072667	6935.487	84.27957
0	0.3968348	-0.2984483	7817.443	89.41631
0	0.3968348	-0.2896298	8854.215	95.09684
0	0.3968348	-0.2808114	10037.12	101.1854
0	0.3968348	-0.2719929	11412.62	107.8299
0	0.3968348	-0.2631744	12943.96	114.7715
0	0.3968348	-0.2543559	14590.56	121.7914
0	0.3968348	-0.2455373	16355.11	128.8871
0	0.3968348	-0.2367188	17008.43	131.4164
0	0.3968348	-0.2279003	7804.595	89.34362
0	0.3968348	-0.2190817	1870.261	44.24652
0	0.3968348	-0.2102631	1102.188	34.19923
0	0.3968348	-0.2014446	755.7542	28.49098
0	0.3968348	-0.192626	274.6258	17.57184
0	0.3968348	-0.1838074	79.05031	9.891025
0	0.3968348	-0.1749888	23.49828	5.847502
0	0.3968348	-0.1661702	-1.295542	2.138219
0	0.3968348	-0.1573515	-17.80492	5.219587
0	0.3968348	-0.1485329	-33.39142	6.778531
0	0.3968348	-0.1397143	-44.53353	7.673345
0	0.3968348	-0.1308956	-51.2582	8.159483
0	0.3968348	-0.122077	-57.25289	8.566564
0	0.3968348	-0.1132583	-63.01767	8.938367
0	0.3968348	-0.1044397	-68.16596	9.256269
0	0.3968348	-0.09562099	-71.29457	9.443611
0	0.3968348	-0.08680232	-71.94367	9.481961
0	0.3968348	-0.07798365	-73.20119	9.555769
0	0.3968348	-0.06916497	-77.35168	9.794981
0	0.3968348	-0.06034629	-75.12649	9.667554
0	0.3968348	-0.0515276	-77.79575	9.820189
0	0.3968348	-0.04270892	-77.16464	9.784341
0	0.3968348	-0.03389023	-76.79459	9.763252
0	0.3968348	-0.02507154	-81.43299	10.02402
0	0.3968348	-0.01625285	-83.40038	10.13238
0	0.3968348	-0.007434158	-82.94444	10.10738
0	0.3968348	0.001384535	-81.35514	10.01971
0	0.3968348	0.01020323	-83.20122	10.12147
0	0.3968348	0.01902192	-82.80922	10.09996
0	0.3968348	0.02784061	-81.92181	10.05107
0	0.3968348	0.0366593	-82.6365	10.09046
0	0.3968348	0.04547799	-81.36599	10.02031
0	0.3968348	0.05429667	-81.55071	10.03054
0	0.3968348	0.06311536	-81.8218	10.04554
0	0.3968348	0.07193404	-82.04234	10.05772
0	0.3968348	0.08075272	-82.37323	10.07597
0	0.3968348	0.08957139	-81.3021	10.01677
0	0.3968348	0.09839005	-80.68996	9.982759
0	0.3968348	0.1072087	-79.9109	9.939289
0	0.3968348	0.1160274	-79.3063	9.905409
0	0.3968348	0.124846	-77.90686	9.826487
0	0.3968348	0.1336647	-77.46806	9.801594
0	0.3968348	0.1424833	-77.22697	9.787888
0	0.3968348	0.151302	-76.56327	9.750044
0	0.3968348	0.1601206	-72.52722	9.516292
0	0.3968348	0.1689392	-72.21505	9.497944
0	0.3968348	0.1777578	-70.09921	9.372527
0	0.3968348	0.1865764	-65.61342	9.100211
0	0.3968348	0.195395	-61.10464	8.816946
0	0.3968348	0.2042136	-57.90214	8.609345
0	0.3968348	0.2130322	-44.90616	7.701206
0	0.3968348	0.2218507	-26.96715	6.19299
0	0.3968348	0.2306693	-2.130188	2.459516
0	0.3968348	0.2394878	50.64566	8.116577
0	0.3968348	0.2483064	170.3964	14.0536
0	0.3968348	0.2571249	1209.125	35.77248
0	0.3968348	0.2659434	4782.353	70.15456
0	0.3968348	0.2747619	6826.913	83.62514
0	0.3968348	0.2835804	6497.053	81.6043
0	0.3968348	0.2923988	5851.005	77.49186
0	0.3968348	0.3012173	5237.25	73.36884
0	0.3968348	0.3100357	4753.631	69.94658
0	0.3968348	0.3188542	4334.002	66.83314
0	0.3968348	0.3276726	3967.475	63.9879
0	0.3968348	0.336491	3635.059	61.29145
0	0.3968348	0.3453093	3342.844	58.81734
0	0.3968348	0.3541277	3112.574	56.79045
0	0.3968348	0.3629461	2931.462	55.14297
0	0.3968348	0.3717644	2771.976	53.64956
0	0.3968348	0.3805827	2633.773	52.3203
0	0.3968348	0.389401	2527.571	51.27495
0	0.3968348	0.3982193	2419.615	50.18958
0	0.3968348	0.4070375	2342.237	49.39666
0	0.3968348	0.4158558	2246.611	48.39843
0	0.3968348	0.424674	2205.532	47.9631
0	0.3968348	0.4334922	2154.109	47.41238
0	0.3968348	0.4423104	2113.315	46.9708
0	0.3968348	0.4511285	2094.257	46.76306
0	0.3968348	0.4599467	2073.734	46.53827
0	0.3968348	0.4687648	2053.167	46.31189
0	0.3968348	0.4775829	2051.401	46.2924
0	0.3968348	0.4864009	2043.951	46.21008
0	0.3968348	0.495219	2045.32	46.22521
0	0.3968348	0.504037	2044.105	46.21178
0	0.3968348	0.512855	2035.739	46.11916
0	0.3968348	0.521673	2052.137	46.30051
0	0.3968348	0.5304909	2073.664	46.5375
0	0.3968348	0.5393088	2060.979	46.39801
0	0.3968348	0.5481268	2062.108	46.41044
0	0.3968348	0.5569446	2097.563	46.79916
0	0.3968348	0.5657625	2123.422	47.08061
0	0.3968348	0.5745803	2145.816	47.32296
0	0.3968348	0.583398	2148.965	47.35693
0	0.3968348	0.5922158	2174.849	47.63528
0	0.3968348	0.6010336	2229.771	48.22046
0	0.3968348	0.6098601	2268.278	48.62644
0	0.3968348	0.6186778	2289.547	48.84921
0	0.3968348	0.6274954	2305.42	49.01479
0	0.3968348	0.636313	2336.243	49.3347
0	0.3968348	0.6451306	2378.521	49.77008
0	0.3968348	0.6539482	2394.943	49.93815
0	0.3968348	0.6627657	2448.587	50.4832
0	0.3968348	0.6715832	2458.181	50.58004
0	0.3968348	0.6804007	2484.379	50.84355
0	0.3968348	0.6892181	2506.104	51.061
0	0.3968348	0.6980355	2507.011	51.07006
0	0.3968348	0.7068529	2563.746	51.63345
0	0.3968348	0.7156702	2600.14	51.99157
0	0.3968348	0.7244875	2614.361	52.13082
0	0.3968348	0.7333048	2673.95	52.71025
0	0.3968348	0.742122	2664.903	52.6227
0	0.3968348	0.7509392	2727.097	53.22161
0	0.3968348	0.7597564	2769.115	53.62239
0	0.3968348	0.7685735	2777.296	53.70006
0	0.3968348	0.7773906	2796.099	53.87815
0	0.3968348	0.7862076	2833.746	54.23294
0	0.3968348	0.7950246	2877.176	54.63932
0	0.3968348	0.8038416	2886.128	54.72269
0	0.3968348	0.8126585	2915.455	54.99495
0	0.3968348	0.8214754	2946.816	55.28458
0	0.3968348	0.8302923	2996.301	55.73848
0	0.3968348	0.8391091	3006.415	55.83079
0	0.3968348	0.8479259	3028.311	56.03009
0	0.3968348	0.8567427	3056.935	56.28955
0	0.3968348	0.8655593	3074.93	56.45205
0	0.3968348	0.874376	3103.548	56.7095
0	0.3968348	0.8831927	3116.426	56.82495
0	0.3968348	0.8920092	3124.249	56.89498
0	0.3968348	0.9008257	3179.12	57.38369
0	0.3968348	0.9096422	3194.152	57.51683
0	0.3968348	0.9184587	3199.341	57.56271
0	0.3968348	0.9272751	3228.78	57.82236
0	0.3968348	0.9360914	3214.18	57.69374
0	0.3968348	0.9449078	3224.945	57.7886
0	0.3968348	0.953724	3267.39	58.16109
0	0.3968348	0.9625403	3272.156	58.20276
0	0.3968348	0.9713565	3270.814	58.19103
0	0.3968348	0.9801726	3305.25	58.49131
0	0.3968348	0.9889886	3336.655	58.76379
0	0.3968348	0.9978047	3312.013	58.55009
0	0.3968348	1.006621	3285.304	58.31757
0	0.3968348	1.015437	3293.275	58.38706
0	0.3968348	1.024253	3292.329	58.37882
0	0.3968348	1.033068	3300.799	58.45258
0	0.3968348	1.041884	3310.545	58.53733
0	0.3968348	1.0507	3303.768	58.47841
0	0.3968348	1.059516	3291.729	58.3736
0	0.3968348	1.068331	3300.907	58.45352
0	0.3968348	1.077147	3280.029	58.27153
0	0.3968348	1.085962	3293.651	58.39034
0	0.3968348	1.094778	3284.089	58.30698
0	0.3968348	1.103593	3277.552	58.2499
0	0.3968348	1.112409	3254.543	58.0486
0	0.3968348	1.121224	3242.766	57.94529
0	0.3968348	1.130039	3231.106	57.84282
0	0.3968348	1.138855	3223.21	57.77332
0	0.3968348	1.14767	3212.475	57.6787
0	0.3968348	1.156485	3178.05	57.3742
0	0.3968348	1.1653	3170.502	57.30721
0	0.3968348	1.174115	3126.058	56.91116
0	0.3968348	1.18293	3100.804	56.68486
0	0.3968348	1.191745	3095.612	56.63822
0	0.3968348	1.20056	3083.004	56.5248
0	0.3968348	1.209375	3060.301	56.31999
0	0.3968348	1.218189	3041.309	56.14806
0	0.3968348	1.227004	3042.351	56.15751
0	0.3968348	1.235819	3013.773	55.89784
0	0.3968348	1.244633	2962.587	55.42965
0	0.3968348	1.253448	2918.052	55.019
0	0.3968348	1.262262	2907.05	54.91706
0	0.3968348	1.271076	2859.278	54.47221
0	0.3968348	1.279891	2830.735	54.20465
0	0.3968348	1.288705	2803.458	53.94769
0	0.3968348	1.297519	2775.388	53.68195
0	0.3968348	1.306333	2723.377	53.18599
0	0.3968348	1.315148	2705.299	53.01249
0	0.3968348	1.323961	2683.042	52.79808
0	0.3968348	1.332775	2642.936	52.4095
0	0.3968348	1.341589	2613.729	52.12465
0	0.3968348	1.350403	2614.803	52.13515
0	0.3968348	1.359217	2562.719	51.6233
0	0.3968348	1.368031	2531.753	51.31653
0	0.3968348	1.376844	2491.82	50.91814
0	0.3968348	1.385658	2463.559	50.63425
0	0.3968348	1.394471	2408.615	50.07764
0	0.3968348	1.403285	2374.881	49.73275
0	0.3968348	1.412098	2337.291	49.34554
0	0.3968348	1.420911	2286.11	48.81328
0	0.3968348	1.429725	2288.072	48.8338
0	0.3968348	1.438538	2215.991	48.07432
0	0.3968348	1.447351	2210.509	48.01605
0	0.3968348	1.456164	2161.295	47.48973
0	0.3968348	1.464977	2110.43	46.93941
0	0.3968348	1.47379	2075.765	46.56056
0	0.3968348	1.482603	2020.172	45.94632
0	0.3968348	1.491415	2018.198	45.92435
0	0.3968348	1.500228	1978.268	45.47773
0	0.3968348	1.509041	1939.553	45.04036
0	0.3968348	1.517853	1919.818	44.81573
0	0.3968348	1.526666	1890.768	44.48296
0	0.3968348	1.535478	1827.366	43.7477
0	0.3968348	1.54429	1807.434	43.51393
0	0.3968348	1.553103	1763.874	42.9985
0	0.3968348	1.561915	1718.487	42.45464
0	0.3968348	1.570727	1701.584	42.25026
0	0.3968348	1.579539	1658.073	41.71944
0	0.3968348	1.588351	1635.52	41.44156
0	0.3968348	1.597163	1606.865	41.08572
0	0.3968348	1.605975	1566.875	40.58377
0	0.3968348	1.614786	1525.14	40.05304
0	0.3968348	1.623598	1507.551	39.82719
0	0.3968348	1.63241	1467.227	39.3044
0	0.3968348	1.641221	1434.946	38.88068
0	0.3968348	1.650033	1418.422	38.66195
0	0.3968348	1.658844	1388.853	38.26731
0	0.3968348	1.667655	1360.016	37.87839
0	0.3968348	1.676466	1336.803	37.56232
0	0.3968348	1.685277	1310.606	37.20229
0	0.3968348	1.694088	1273.889	36.69159
0	0.3968348	1.702899	1261.612	36.51918
0	0.3968348	1.71171	1240.662	36.22303
0	0.3968348	1.720521	1214.328	35.84721
0	0.3968348	1.729332	1190.712	35.5067
0	0.3968348	1.738142	1166.134	35.1487
0	0.3968348	1.746953	1140.63	34.77321
0	0.3968348	1.755763	1109.132	34.30364
0	0.3968348	1.764574	1094.083	34.07692
0	0.3968348	1.773384	1074.586	33.78088
0	0.3968348	1.782194	1047.386	33.36335
0	0.3968348	1.791004	1025.393	33.02176
0	0.3968348	1.799814	991.3139	32.48514
0	0.3968348	1.808624	973.4767	32.20059
0	0.3968348	1.817434	963.757	32.04444
0	0.3968348	1.826244	943.0097	31.70846
0	0.3968348	1.835054	928.175	31.46597
0	0.3968348	1.843863	911.9208	31.19803
0	0.3968348	1.852673	892.2021	30.86975
0	0.3968348	1.861482	872.129	30.53183
0	0.3968348	1.870292	865.2789	30.41562
0	0.3968348	1.879101	855.9794	30.25713
0	0.3968348	1.88791	838.7238	29.96073
0	0.3968348	1.896719	814.4329	29.53827
0	0.3968348	1.905528	797.1091	29.23312
0	0.3968348	1.914337	785.7546	29.03131
0	0.3968348	1.923146	754.7151	28.47208
0	0.3968348	1.931955	740.4785	28.21173
0	0.3968348	1.940763	743.3535	28.26451
0	0.3968348	1.949572	737.5948	28.1587
0	0.3968348	1.95838	729.929	28.0172
0	0.3968348	1.967188	718.8003	27.81045
0	0.3968348	1.975997	702.5259	27.50521
0	0.3968348	1.984805	675.3814	26.9881
0	0.3968348	1.993613	671.561	26.91449
0	0.3968348	2.002421	660.3692	26.69765
0	0.3968348	2.011229	653.0464	26.55477
0	0.3968348	2.020036	646.3634	26.42368
0	0.3968348	2.028844	632.8447	26.1564
0	0.3968348	2.037652	617.4753	25.84905
0	0.3968348	2.046459	616.8776	25.83702
0	0.3968348	2.055267	598.9207	25.47286
0	0.3968348	2.064083	576.9764	25.02033
0	0.3968348	2.07289	563.6612	24.74155
0	0.3968348	2.081697	562.5012	24.71711
0	0.3968348	2.090504	570.5325	24.88582
0	0.3968348	2.099311	559.1202	24.64572
0	0.3968348	2.108118	539.4237	24.2255
0	0.3968348	2.116925	526.7567	23.95118
0	0.3968348	2.125731	518.4933	23.77045
0	0.3968348	2.134538	514.226	23.67655
0	0.3968348	2.143344	511.3789	23.61369
0	0.3968348	2.15215	503.0505	23.42879
0	0.3968348	2.160957	492.3485	23.18893
0	0.3968348	2.169763	493.3038	23.21044
0	0.3968348	2.178569	485.3048	23.02963
0	0.3968348	2.187375	467.2248	22.61539
0	0.3968348	2.19618	468.3793	22.64207
0	0.3968348	2.204986	450.4487	22.22378
0	0.3968348	2.213792	450.3217	22.22079
0	0.3968348	2.222597	445.6246	22.10982
0	0.3968348	2.231402	444.6307	22.08627
0	0.3968348	2.240208	431.2655	21.76693
0	0.3968348	2.249013	417.4152	21.43074
0	0.3968348	2.257818	420.0292	21.49462
0	0.3968348	2.266623	420.1763	21.4982
0	0.3968348	2.275428	407.6997	21.19158
0	0.3968348	2.284233	409.7084	21.24126
0	0.3968348	2.293037	397.5533	20.93874
0	0.3968348	2.301842	393.1653	20.8284
0	0.3968348	2.310646	392.7859	20.81882
0	0.3968348	2.31945	383.7809	20.59033
0	0.3968348	2.328255	375.9142	20.38851
0	0.3968348	2.337059	373.8425	20.33501
0	0.3968348	2.345863	373.73	20.3321
0	0.3968348	2.354666	370.9281	20.25949
0	0.3968348	2.36347	352.1537	19.76576
0	0.3968348	2.372274	344.6714	19.56533
0	0.3968348	2.381078	346.2387	19.60749
0	0.3968348	2.389881	348.9945	19.68139
0	0.3968348	2.398684	347.5542	19.64281
0	0.3968348	2.407487	337.5725	19.37315
0	0.3968348	2.41629	329.9106	19.16344
0	0.3968348	2.425093	327.201	19.0887
0	0.3968348	2.433896	323.4001	18.98333
0	0.3968348	2.442699	319.6999	18.88015
0	0.3968348	2.451502	324.8259	19.02293
0	0.3968348	2.460304	323.7839	18.994
0	0.3968348	2.469106	316.6932	18.79588
0	0.3968348	2.477909	312.5604	18.67938
0	0.3968348	2.486711	303.4179	18.4189
0	0.3968348	2.495513	301.649	18.36804
0	0.3968348	2.504315	302.9892	18.40658
0	0.3968348	2.513117	297.1967	18.2394
0	0.3968348	2.521918	284.6916	17.8728
0	0.3968348	2.53072	279.849	17.72869
0	0.3968348	2.539521	283.9865	17.8519
0	0.3968348	2.548323	285.1794	17.88725
0	0.3968348	2.557124	282.9083	17.81988
0	0.3968348	2.565925	278.2249	17.68007
0	0.3968348	2.574726	272.9301	17.5206
0	0.3968348	2.583527	270.2018	17.43782
0	0.3968348	2.592327	269.9759	17.43094
0	0.3968348	2.601128	263.0444	17.21864
0	0.3968348	2.609928	257.932	17.06026
0	0.3968348	2.618729	256.0588	17.00184
0	0.3968348	2.627529	254.1885	16.94329
0	0.3968348	2.636329	255.0733	16.97101
0	0.3968348	2.645129	251.1199	16.84676
0	0.3968348	2.653929	252.4735	16.88941
0	0.3968348	2.662729	251.9291	16.87227
0	0.3968348	2.671528	245.7172	16.67537
0	0.3968348	2.680328	247.916	16.74535
0	0.3968348	2.689127	241.2114	16.53098
0	0.3968348	2.697926	235.5587	16.34792
0	0.3968348	2.706725	230.3341	16.17676
0	0.3968348	2.715524	225.6911	16.02302
0	0.3968348	2.724323	227.1215	16.07055
0	0.3968348	2.733122	230.6189	16.18614
0	0.3968348	2.74192	227.5676	16.08534
0	0.3968348	2.750719	232.4479	16.24624
0	0.3968348	2.759517	230.658	16.18743
0	0.3968348	2.768315	222.1208	15.90372
0	0.3968348	2.777113	219.8105	15.82601
0	0.3968348	2.785911	221.9137	15.89677
0	0.3968348	2.794709	216.1602	15.70239
0	0.3968348	2.803507	218.8108	15.79225
0	0.3968348	2.812304	221.8308	15.89398
0	0.3968348	2.821102	222.8457	15.92802
0	0.3968348	2.829899	213.9108	15.62569
0	0.3968348	2.838696	214.766	15.6549
0	0.3968348	2.847493	216.1803	15.70307
0	0.3968348	2.85629	222.8206	15.92718
0	0.3968348	2.865087	208.6384	15.44432
0	0.3968348	2.873883	199.0366	15.10803
0	0.3968348	2.88268	205.8225	15.34652
0	0.3968348	2.891476	203.6929	15.2721
0	0.3968348	2.900272	204.997	15.31772
0	0.3968348	2.909068	194.8914	14.96035
0	0.3968348	2.917864	201.312	15.18845
0	0.3968348	2.92666	207.9682	15.4211
0	0.3968348	2.935456	206.4567	15.3686
0	0.3968348	2.944251	199.3775	15.12011
0	0.3968348	2.953047	201.5086	15.19537
0	0.3968348	2.961842	199.0527	15.1086
0	0.3968348	2.970637	194.5253	14.94723
0	0.3968348	2.979432	199.2615	15.116
0	0.3968348	2.988226	194.5244	14.9472
0	0.3968348	2.997021	185.447	14.61789
0	0.3968348	3.005816	184.243	14.57361
0	0.3968348	3.01461	187.9409	14.70915
0	0.3968348	3.023404	196.1295	15.00462
0	0.3968348	3.032198	191.6047	14.84213
0	0.3968348	3.040992	193.8023	14.92129
0	0.3968348	3.049786	188.5661	14.73194
0	0.3968348	3.05858	186.6413	14.66167
0	0.3968348	3.067373	188.4307	14.72701
0	0.3968348	3.076167	190.5567	14.80423
0	0.3968348	3.08496	195.7025	14.98937
0	0.3968348	3.093753	189.0369	14.74907
0	0.3968348	3.102546	186.7552	14.66584
0	0.3968348	3.111339	182.4213	14.50634
0	0.3968348	3.120131	179.6481	14.40329
0	0.3968348	3.128924	186.1557	14.64389
0	0.3968348	3.137716	183.722	14.55441
0	0.3968348	3.146508	177.9486	14.33974
0	0.3968348	3.1553	180.6259	14.43972
0	0.3968348	3.164092	184.1128	14.56882
0	0.3968348	3.172884	184.3312	14.57686
0	0.3968348	3.181676	180.7932	14.44594
0	0.3968348	3.190467	173.608	14.17604
0	0.3968348	3.199258	174.608	14.21393
0	0.3968348	3.20805	168.8313	13.99351
0	0.3968348	3.216841	175.8588	14.26118
0	0.3968348	3.225631	179.5187	14.39846
0	0.3968348	3.234422	173.7066	14.17978
0	0.3968348	3.243213	174.2379	14.19992
0	0.3968348	3.252003	169.7248	14.02785
0	0.3968348	3.260793	171.1995	14.08432
0	0.3968348	3.269583	169.891	14.03422
0	0.3968348	3.278373	166.5367	13.90491
0	0.3968348	3.287163	167.4898	13.94178
0	0.3968348	3.295953	173.0959	14.15659
0	0.3968348	3.304742	174.7793	14.22041
0	0.3968348	3.313531	173.939	14.1886
0	0.3968348	3.322321	166.3744	13.89862
0	0.3968348	3.33111	168.3559	13.9752
0	0.3968348	3.339898	168.7384	13.98993
0	0.3968348	3.348687	171.1977	14.08425
0	0.3968348	3.357476	167.3512	13.93643
0	0.3968348	3.366264	166.4192	13.90036
0	0.3968348	3.375052	174.8162	14.22181
0	0.3968348	3.38384	171.69	14.10305
0	0.3968348	3.392628	173.3526	14.16634
0	0.3968348	3.401416	172.6724	14.14049
0	0.3968348	3.410203	162.1917	13.73545
0	0.3968348	3.418991	162.3428	13.74138
0	0.3968348	3.427778	160.0977	13.65297
0	0.3968348	3.436565	160.2548	13.65918
0	0.3968348	3.445352	168.9365	13.99756
0	0.3968348	3.454139	166.9443	13.92069
0	0.3968348	3.462925	163.1721	13.77388
0	0.3968348	3.471712	165.3273	13.85797
0	0.3968348	3.480498	166.8987	13.91893
0	0.3968348	3.489284	167.7181	13.9506
0	0.3968348	3.49807	167.9888	13.96105
0	0.3968348	3.506865	168.8327	13.99356
0	0.3968348	3.515651	167.6314	13.94726
0	0.3968348	3.524436	163.4633	13.78528
0	0.3968348	3.533221	165.9755	13.88315
0	0.3968348	3.542006	164.737	13.83499
0	0.3968348	3.550791	163.1409	13.77266
0	0.3968348	3.559576	156.2309	13.49924
0	0.3968348	3.568361	160.4098	13.6653
0	0.3968348	3.577145	160.5029	13.66897
0	0.3968348	3.585929	155.8609	13.48442
0	0.3968348	3.594713	160.682	13.67604
0	0.3968348	3.603498	169.8253	14.0317
0	0.3968348	3.612281	168.6277	13.98567
0	0.3968348	3.621065	161.7863	13.71953
0	0.3968348	3.629848	159.461	13.62779
0	0.3968348	3.638631	154.1202	13.41451
0	0.3968348	3.647414	154.702	13.43793
0	0.3968348	3.656198	159.9977	13.64902
0	0.3968348	3.66498	152.9945	13.36909
0	0.3968348	3.673763	157.7982	13.56177
0	0.3968348	3.682545	160.3022	13.66105
0	0.3968348	3.691327	154.2362	13.41919
0	0.3968348	3.700109	160.5695	13.6716
0	0.3968348	3.708891	153.1985	13.37734
0	0.3968348	3.717673	154.1735	13.41666
0	0.3968348	3.726454	153.0073	13.36961
0	0.3968348	3.735236	154.5867	13.43329
0	0.3968348	3.744017	154.9963	13.44975
0	0.3968348	3.752798	153.9439	13.40741
0	0.3968348	3.761579	154.2771	13.42083
0	0.3968348	3.77036	157.0666	13.53262
0	0.3968348	3.77914	155.5787	13.47312
0	0.3968348	3.78792	159.6789	13.63641
0	0.3968348	3.7967	149.8133	13.23982
0	0.3968348	3.80548	150.737	13.2775
0	0.3968348	3.81426	151.965	13.32741
0	0.3968348	3.82304	152.5264	13.35016
0	0.3968348	3.831819	150.7002	13.276
0	0.3968348	3.840598	151.2826	13.2997
0	0.3968348	3.849377	150.4278	13.2649
0	0.3968348	3.858156	147.0699	13.12724
0	0.3968348	3.866935	144.8754	13.03642
0	0.3968348	3.875713	145.3178	13.05478
0	0.3968348	3.884492	142.7351	12.94718
0	0.3968348	3.89327	149.2722	13.2177
0	0.3968348	3.902048	145.4316	13.0595
0	0.3968348	3.910825	149.0624	13.20911
0	0.3968348	3.919603	149.3082	13.21917
0	0.3968348	3.92838	144.8627	13.03589
0	0.3968348	3.937158	149.62	13.23192
0	0.3968348	3.945935	102.1586	11.10735
0	0.3968348	3.954712	-42.18717	7.495165
0	0.3968348	3.963488	-102.3947	11.11903
0	0.3968348	3.972265	-103	11.14889
0	0.3968348	3.981041	-103	11.14889
0	0.3968348	3.989817	-103	11.14889
